#Creator: pendulumviewEventBuffer
#Creation time: Thu Mar  7 11:06:45 2019
#Time A	Pos A	Time B	Pos B
#[s]	[au]	[s]	[au]
0.025	675	0.050	586
0.075	675	0.101	585
0.127	676	0.151	585
0.177	677	0.202	585
0.228	677	0.253	585
0.278	678	0.304	585
0.329	679	0.355	585
0.379	680	0.405	586
0.431	679	0.456	585
0.481	678	0.506	586
0.532	678	0.558	585
0.582	677	0.608	585
0.633	676	0.659	584
0.684	676	0.709	585
0.735	675	0.760	585
0.785	675	0.811	585
0.836	676	0.862	585
0.886	675	0.912	584
0.938	676	0.963	585
0.988	677	1.013	585
1.039	676	1.065	585
1.089	677	1.115	584
1.140	676	1.166	584
1.190	675	1.216	585
1.242	673	1.267	585
1.292	672	1.317	585
1.343	671	1.369	584
1.393	671	1.419	584
1.444	672	1.470	585
1.495	674	1.520	585
1.546	675	1.571	585
1.596	674	1.622	585
1.647	675	1.673	586
1.697	672	1.723	584
1.749	663	1.774	584
1.799	645	1.824	585
1.850	619	1.876	585
1.900	585	1.926	584
1.951	546	1.977	584
2.001	504	2.027	584
2.053	460	2.078	582
2.103	418	2.128	581
2.154	380	2.180	580
2.204	345	2.230	578
2.255	319	2.281	576
2.306	301	2.331	573
2.357	293	2.382	572
2.407	297	2.433	568
2.458	309	2.484	566
2.508	330	2.534	565
2.560	358	2.585	564
2.610	392	2.635	562
2.661	433	2.687	562
2.711	475	2.737	563
2.762	517	2.788	564
2.813	558	2.838	566
2.864	595	2.889	569
2.914	625	2.939	573
2.965	648	2.991	577
3.015	663	3.041	583
3.066	667	3.092	586
3.117	663	3.142	591
3.168	650	3.193	596
3.219	628	3.244	600
3.269	598	3.295	601
3.320	562	3.345	604
3.371	523	3.396	604
3.422	480	3.446	603
3.472	439	3.498	601
3.523	400	3.548	597
3.573	364	3.599	593
3.625	335	3.649	587
3.675	314	3.700	580
3.726	301	3.750	574
3.776	300	3.802	566
3.827	307	3.852	560
3.877	323	3.903	553
3.929	347	3.953	549
3.979	377	4.004	545
4.030	414	4.055	543
4.080	454	4.106	543
4.131	496	4.156	544
4.182	536	4.207	547
4.233	573	4.257	552
4.283	607	4.309	559
4.334	633	4.359	567
4.384	651	4.410	575
4.436	661	4.460	584
4.486	661	4.511	594
4.537	652	4.561	602
4.587	635	4.613	610
4.638	609	4.663	616
4.688	578	4.714	620
4.740	541	4.764	623
4.790	501	4.815	624
4.841	460	4.866	621
4.891	421	4.917	616
4.942	385	4.967	610
4.993	352	5.018	602
5.044	329	5.068	591
5.094	312	5.120	579
5.145	306	5.170	568
5.195	309	5.221	556
5.247	320	5.271	547
5.297	339	5.322	539
5.348	366	5.373	530
5.398	398	5.424	526
5.449	436	5.474	523
5.499	475	5.525	524
5.551	515	5.575	527
5.601	553	5.626	533
5.652	586	5.677	542
5.702	616	5.728	553
5.753	637	5.778	565
5.804	650	5.829	578
5.855	654	5.879	592
5.905	650	5.931	604
5.956	638	5.981	617
6.006	617	6.032	627
6.058	589	6.082	635
6.108	555	6.133	640
6.159	519	6.184	642
6.209	481	6.235	640
6.260	442	6.286	636
6.310	406	6.336	629
6.362	373	6.387	618
6.412	346	6.437	605
6.463	327	6.489	591
6.513	316	6.539	576
6.564	315	6.590	559
6.615	321	6.640	545
6.666	336	6.691	532
6.716	359	6.742	520
6.767	386	6.793	512
6.817	420	6.843	506
6.869	457	6.894	505
6.919	495	6.944	507
6.970	531	6.996	514
7.020	566	7.046	522
7.071	596	7.097	535
7.121	620	7.147	551
7.173	637	7.198	567
7.223	644	7.248	585
7.274	645	7.300	602
7.324	637	7.350	619
7.375	621	7.401	633
7.426	598	7.451	645
7.477	569	7.502	654
7.527	535	7.553	658
7.578	499	7.604	659
7.628	462	7.654	655
7.680	427	7.705	648
7.730	394	7.755	636
7.781	366	7.807	622
7.831	344	7.857	605
7.882	329	7.908	586
7.933	324	7.958	567
7.984	326	8.009	546
8.034	336	8.059	529
8.085	354	8.111	513
8.135	378	8.161	501
8.186	407	8.212	492
8.237	441	8.262	488
8.288	477	8.313	489
8.338	511	8.364	494
8.389	546	8.415	504
8.439	576	8.465	517
8.491	602	8.516	534
8.541	621	8.566	554
8.592	632	8.618	574
8.642	636	8.668	597
8.693	632	8.719	617
8.744	621	8.769	635
8.795	602	8.820	652
8.845	577	8.870	664
8.896	548	8.922	672
8.946	515	8.972	675
8.997	481	9.023	674
9.048	447	9.073	667
9.099	414	9.124	655
9.150	386	9.175	640
9.200	362	9.226	620
9.251	345	9.276	600
9.302	336	9.327	577
9.353	335	9.377	554
9.403	341	9.429	531
9.454	354	9.479	511
9.504	374	9.530	495
9.556	399	9.580	482
9.606	429	9.631	474
9.657	461	9.681	472
9.707	494	9.733	475
9.758	526	9.783	485
9.808	556	9.834	497
9.860	582	9.884	517
9.910	603	9.935	537
9.961	617	9.986	561
10.011	624	10.037	587
10.062	624	10.087	610
10.113	618	10.138	634
10.164	603	10.188	654
10.214	583	10.240	670
10.265	556	10.290	682
10.315	527	10.341	688
10.367	497	10.391	690
10.417	464	10.442	685
10.468	434	10.493	674
10.518	405	10.544	659
10.569	381	10.594	639
10.619	363	10.645	616
10.671	351	10.695	589
10.721	347	10.746	563
10.772	348	10.797	537
10.822	357	10.848	513
10.873	372	10.898	492
10.924	393	10.949	476
10.975	419	10.999	464
11.025	447	11.051	458
11.076	478	11.101	459
11.126	508	11.152	466
11.178	537	11.202	478
11.228	563	11.253	497
11.279	584	11.304	518
11.329	600	11.355	545
11.380	609	11.405	573
11.430	614	11.456	601
11.482	610	11.506	628
11.532	599	11.557	652
11.583	583	11.608	672
11.633	562	11.659	689
11.684	537	11.709	699
11.735	508	11.760	703
11.786	480	11.810	701
11.836	451	11.862	692
11.887	424	11.912	677
11.937	400	11.963	658
11.989	381	12.013	633
12.039	368	12.064	606
12.090	359	12.115	577
12.140	358	12.166	548
12.191	363	12.217	519
12.241	375	12.267	494
12.293	392	12.318	473
12.343	412	12.368	458
12.394	437	12.420	449
12.444	464	12.470	446
12.495	491	12.521	450
12.546	518	12.571	460
12.597	544	12.622	477
12.647	564	12.673	500
12.698	582	12.724	527
12.748	592	12.774	556
12.800	598	12.825	587
12.850	599	12.875	617
12.901	592	12.927	646
12.951	580	12.977	671
13.002	564	13.028	691
13.053	542	13.078	705
13.104	518	13.129	713
13.154	492	13.179	715
13.205	466	13.231	709
13.255	441	13.281	695
13.306	418	13.332	676
13.357	398	13.382	652
13.408	384	13.433	624
13.458	375	13.484	593
13.509	371	13.535	561
13.559	373	13.585	529
13.611	379	13.636	500
13.661	392	13.686	475
13.712	410	13.738	455
13.762	430	13.788	442
13.813	453	13.839	435
13.864	478	13.889	436
13.915	502	13.940	444
13.965	525	13.990	460
14.016	546	14.042	481
14.066	564	14.092	508
14.117	575	14.143	538
14.168	583	14.193	571
14.219	586	14.244	604
14.269	582	14.295	636
14.320	573	14.346	664
14.370	560	14.396	689
14.422	544	14.447	708
14.472	524	14.497	720
14.523	502	14.549	725
14.573	479	14.599	722
14.624	456	14.650	711
14.675	435	14.700	694
14.726	417	14.751	671
14.776	402	14.801	643
14.827	391	14.853	611
14.877	386	14.903	577
14.928	384	14.954	543
14.979	389	15.004	510
15.030	398	15.055	480
15.080	411	15.106	456
15.131	428	15.157	439
15.181	447	15.207	430
15.233	468	15.258	424
15.283	489	15.308	429
15.334	510	15.360	442
15.384	528	15.410	462
15.435	545	15.461	488
15.486	557	15.511	519
15.537	565	15.562	553
15.587	570	15.613	588
15.638	570	15.664	623
15.688	565	15.714	655
15.739	555	15.765	684
15.790	542	15.815	706
15.841	526	15.866	722
15.892	508	15.917	730
15.942	488	15.968	732
15.993	469	16.018	725
16.044	451	16.069	711
16.095	433	16.119	689
16.145	419	16.171	662
16.196	408	16.221	630
16.246	402	16.272	595
16.298	399	16.322	559
16.348	400	16.373	524
16.399	406	16.424	490
16.449	416	16.475	463
16.500	428	16.525	441
16.550	444	16.576	426
16.602	461	16.626	419
16.652	479	16.677	419
16.703	496	16.728	429
16.753	513	16.779	446
16.804	528	16.829	470
16.855	540	16.880	500
16.906	549	16.930	534
16.956	554	16.982	570
17.007	555	17.032	607
17.057	552	17.083	642
17.109	547	17.133	674
17.159	537	17.184	701
17.210	525	17.235	722
17.260	511	17.286	734
17.311	495	17.336	739
17.361	479	17.387	736
17.413	463	17.437	725
17.463	448	17.488	706
17.514	436	17.539	680
17.564	425	17.590	649
17.615	418	17.640	614
17.666	415	17.691	577
17.717	415	17.741	540
17.767	417	17.793	505
17.818	424	17.843	472
17.868	433	17.894	447
17.920	445	17.944	427
17.970	458	17.995	416
18.021	472	18.046	413
18.071	485	18.097	417
18.122	499	18.147	432
18.173	513	18.198	453
18.224	523	18.248	481
18.274	531	18.299	514
18.325	537	18.350	551
18.375	539	18.401	589
18.426	539	18.451	626
18.477	535	18.502	660
18.528	529	18.552	692
18.578	520	18.604	716
18.629	510	18.654	733
18.679	498	18.705	742
18.731	485	18.755	743
18.781	473	18.806	735
18.832	460	18.857	720
18.882	450	18.908	697
18.933	441	18.959	667
18.984	435	19.009	633
19.035	431	19.060	597
19.085	430	19.110	559
19.136	431	19.162	520
19.186	434	19.212	486
19.237	440	19.263	457
19.288	448	19.313	432
19.339	458	19.364	416
19.389	468	19.415	409
19.440	479	19.466	410
19.490	489	19.516	420
19.542	499	19.567	439
19.592	508	19.617	465
19.643	515	19.669	495
19.693	520	19.719	532
19.744	523	19.770	571
19.795	524	19.820	608
19.846	522	19.871	645
19.896	518	19.921	679
19.947	513	19.973	707
19.997	505	20.023	728
20.048	497	20.074	741
20.099	489	20.124	746
20.150	480	20.175	743
20.200	471	20.226	731
20.251	463	20.277	711
20.301	456	20.327	684
20.353	450	20.378	652
20.403	447	20.428	616
20.454	445	20.480	577
20.504	445	20.530	538
20.555	447	20.581	501
20.606	451	20.631	468
20.657	456	20.682	442
20.707	461	20.733	421
20.758	468	20.784	410
20.808	476	20.834	407
20.859	483	20.885	412
20.910	490	20.935	427
20.961	496	20.986	450
21.011	500	21.037	478
21.062	504	21.088	513
21.112	507	21.138	550
21.164	508	21.189	590
21.214	507	21.239	628
21.265	505	21.291	664
21.315	502	21.341	694
21.366	497	21.392	719
21.417	493	21.442	737
21.468	488	21.493	746
21.518	482	21.544	746
21.569	477	21.595	739
21.619	472	21.645	722
21.670	467	21.696	699
21.721	464	21.746	669
21.772	462	21.797	635
21.822	461	21.848	596
21.873	461	21.899	558
21.923	462	21.949	520
21.975	463	22.000	484
22.025	465	22.050	453
22.076	469	22.102	431
22.126	472	22.152	414
22.177	476	22.203	408
22.228	479	22.253	409
22.279	483	22.304	419
22.329	485	22.355	439
22.380	488	22.406	464
22.430	490	22.456	496
22.481	491	22.507	532
22.532	492	22.557	570
22.583	491	22.608	608
22.633	491	22.659	646
22.684	490	22.710	679
22.734	488	22.760	708
22.786	486	22.811	729
22.836	485	22.861	742
22.887	482	22.913	746
22.937	480	22.963	743
22.988	478	23.014	730
23.039	477	23.064	710
23.090	476	23.115	683
23.140	476	23.166	651
23.191	475	23.217	615
23.241	476	23.267	577
23.293	476	23.318	538
23.343	476	23.368	501
23.394	477	23.419	469
23.444	478	23.470	442
23.495	478	23.521	423
23.545	479	23.571	412
23.597	479	23.622	409
23.647	479	23.672	414
23.698	479	23.724	430
23.748	479	23.774	452
23.799	478	23.825	480
23.850	478	23.875	514
23.901	477	23.926	552
23.951	477	23.977	590
24.002	476	24.028	627
24.052	477	24.078	663
24.104	477	24.129	693
24.154	477	24.179	717
24.205	478	24.230	734
24.255	480	24.281	742
24.306	480	24.332	742
24.356	483	24.382	735
24.408	484	24.433	719
24.458	485	24.483	696
24.509	487	24.535	666
24.559	488	24.585	632
24.610	489	24.636	595
24.661	489	24.686	556
24.712	489	24.737	520
24.762	489	24.788	486
24.813	487	24.839	457
24.863	486	24.889	434
24.915	484	24.940	419
24.965	481	24.990	413
25.016	478	25.041	414
25.066	476	25.092	425
25.117	472	25.143	443
25.167	470	25.193	468
25.219	467	25.244	499
25.269	465	25.294	535
25.320	464	25.346	571
25.370	464	25.396	609
25.421	465	25.447	644
25.472	466	25.497	676
25.523	468	25.548	703
25.573	471	25.599	723
25.624	475	25.650	735
25.674	479	25.700	739
25.726	483	25.751	736
25.776	488	25.801	724
25.827	492	25.853	705
25.877	496	25.903	679
25.928	498	25.954	648
25.978	500	26.004	613
26.030	501	26.055	576
26.080	502	26.105	539
26.131	500	26.157	505
26.181	498	26.207	474
26.232	494	26.258	448
26.283	490	26.308	430
26.334	485	26.359	420
26.384	479	26.410	417
26.435	474	26.461	423
26.485	468	26.511	437
26.537	463	26.562	459
26.587	459	26.612	486
26.638	455	26.664	518
26.688	453	26.714	553
26.739	452	26.765	591
26.789	452	26.815	626
26.841	455	26.866	659
26.891	458	26.916	687
26.942	462	26.968	710
26.992	468	27.018	726
27.043	475	27.069	733
27.094	482	27.119	733
27.145	489	27.170	726
27.195	496	27.221	710
27.246	502	27.272	688
27.296	507	27.322	660
27.348	511	27.373	629
27.398	513	27.423	594
27.449	514	27.475	558
27.499	512	27.525	523
27.550	510	27.576	491
27.600	505	27.626	464
27.652	499	27.677	443
27.702	492	27.727	430
27.753	483	27.779	424
27.803	475	27.829	425
27.854	467	27.880	436
27.905	460	27.930	452
27.956	453	27.981	476
28.006	447	28.032	505
28.057	443	28.083	539
28.107	441	28.133	573
28.159	441	28.184	607
28.209	443	28.234	640
28.260	447	28.286	670
28.310	452	28.336	695
28.361	459	28.387	713
28.411	468	28.437	724
28.463	478	28.488	727
28.514	487	28.538	724
28.564	497	28.590	712
28.615	505	28.640	695
28.665	513	28.691	670
28.717	519	28.741	641
28.767	523	28.792	610
28.818	525	28.843	576
28.868	524	28.894	542
28.919	522	28.944	510
28.970	516	28.995	481
29.021	508	29.045	458
29.071	501	29.097	442
29.122	490	29.147	433
29.172	479	29.198	431
29.224	469	29.248	436
29.274	459	29.299	450
29.325	449	29.349	468
29.375	441	29.401	494
29.426	435	29.451	524
29.476	431	29.502	556
29.528	430	29.552	589
29.578	431	29.603	622
29.629	435	29.654	652
29.679	441	29.705	678
29.730	450	29.755	699
29.781	460	29.806	713
29.832	472	29.856	719
29.882	483	29.908	719
29.933	495	29.958	713
29.983	507	30.009	699
30.035	517	30.059	679
30.085	525	30.110	653
30.136	531	30.160	623
30.186	535	30.212	592
30.237	535	30.262	560
30.287	533	30.313	528
30.339	528	30.363	500
30.389	520	30.414	475
30.440	511	30.465	456
30.490	498	30.516	444
30.541	486	30.566	439
30.592	473	30.617	441
30.643	460	30.667	450
30.693	448	30.719	465
30.744	437	30.769	487
30.794	429	30.820	513
30.846	424	30.870	543
30.896	421	30.921	573
30.947	420	30.971	605
30.997	424	31.023	634
31.048	430	31.073	660
31.098	439	31.124	682
31.150	450	31.174	698
31.200	463	31.225	708
31.251	477	31.276	712
31.301	491	31.327	708
31.352	505	31.377	699
31.403	518	31.428	682
31.454	529	31.479	660
31.504	538	31.530	635
31.555	543	31.581	606
31.605	545	31.631	576
31.657	544	31.682	546
31.707	539	31.732	518
31.758	531	31.784	493
31.808	521	31.834	473
31.859	509	31.885	459
31.909	494	31.935	450
31.961	479	31.986	449
32.011	464	32.036	453
32.062	449	32.088	465
32.112	436	32.138	482
32.163	425	32.189	505
32.214	417	32.239	531
32.265	413	32.290	559
32.315	411	32.341	589
32.366	413	32.392	617
32.416	419	32.442	643
32.468	428	32.493	666
32.518	439	32.543	683
32.569	454	32.595	695
32.619	469	32.645	702
32.670	485	32.696	702
32.720	501	32.746	695
32.772	516	32.797	683
32.822	530	32.847	665
32.873	540	32.899	643
32.923	548	32.949	617
32.974	553	33.000	590
33.025	553	33.050	562
33.076	550	33.101	535
33.126	543	33.152	510
33.177	533	33.203	489
33.227	520	33.253	473
33.279	504	33.304	463
33.329	487	33.354	458
33.380	470	33.406	460
33.430	454	33.456	468
33.481	438	33.507	481
33.531	424	33.557	499
33.583	413	33.608	522
33.633	406	33.658	547
33.684	403	33.710	574
33.734	404	33.760	601
33.785	408	33.811	626
33.836	416	33.861	648
33.887	428	33.912	668
33.937	443	33.963	680
33.988	459	34.014	690
34.038	477	34.064	692
34.090	495	34.115	688
34.140	513	34.165	680
34.191	528	34.217	667
34.241	541	34.267	648
34.292	552	34.318	626
34.342	559	34.368	602
34.394	562	34.419	577
34.444	560	34.469	552
34.495	554	34.521	528
34.545	544	34.571	507
34.596	531	34.622	490
34.647	515	34.672	478
34.698	497	34.723	471
34.749	478	34.774	470
34.799	460	34.825	473
34.850	442	34.875	483
34.901	426	34.926	498
34.952	412	34.976	517
35.002	403	35.028	539
35.053	397	35.078	562
35.103	395	35.129	587
35.155	399	35.179	610
35.205	406	35.230	631
35.256	417	35.280	650
35.306	431	35.332	665
35.357	449	35.382	675
35.407	467	35.433	680
35.459	487	35.483	681
35.509	507	35.534	675
35.560	525	35.585	665
35.610	541	35.636	650
35.661	554	35.686	632
35.712	563	35.737	611
35.763	568	35.787	589
35.813	568	35.839	565
35.864	564	35.889	544
35.914	555	35.940	523
35.966	543	35.990	507
36.016	527	36.041	494
36.067	508	36.091	484
36.117	488	36.143	481
36.168	468	36.193	482
36.218	448	36.244	489
36.270	429	36.294	500
36.320	414	36.345	515
36.371	401	36.396	533
36.421	393	36.447	553
36.472	389	36.497	574
36.523	390	36.548	596
36.574	396	36.598	616
36.624	406	36.650	634
36.675	420	36.700	649
36.725	437	36.751	660
36.777	456	36.801	667
36.827	478	36.852	669
36.878	499	36.902	667
36.928	519	36.954	660
36.979	537	37.004	649
37.029	553	37.055	634
37.081	564	37.105	617
37.131	572	37.156	598
37.182	574	37.207	577
37.232	572	37.258	558
37.283	565	37.308	539
37.334	554	37.359	523
37.385	538	37.409	510
37.435	520	37.461	500
37.486	499	37.511	494
37.536	477	37.562	493
37.588	456	37.612	497
37.638	436	37.663	504
37.689	417	37.713	516
37.739	402	37.765	531
37.790	392	37.816	547
37.840	385	37.866	565
37.892	384	37.917	584
37.942	388	37.967	602
37.993	396	38.019	618
38.043	409	38.069	633
38.094	426	38.120	644
38.145	446	38.170	652
38.196	466	38.221	656
38.246	489	38.272	656
38.297	511	38.323	652
38.347	531	38.373	644
38.399	549	38.424	634
38.449	564	38.474	620
38.500	573	38.526	604
38.550	578	38.576	587
38.601	579	38.627	570
38.651	573	38.677	553
38.703	564	38.728	539
38.753	550	38.778	526
38.804	532	38.830	516
38.854	510	38.880	509
38.905	489	38.931	506
38.956	466	38.981	507
39.007	444	39.032	512
39.057	423	39.083	520
39.108	406	39.134	532
39.158	392	39.184	544
39.210	384	39.235	560
39.260	380	39.285	574
39.311	381	39.337	591
39.361	388	39.387	606
39.412	399	39.438	619
39.462	415	39.488	629
39.514	434	39.539	637
39.564	455	39.589	642
39.615	478	39.641	644
39.665	501	39.691	642
39.716	523	39.742	638
39.767	544	39.792	630
39.818	560	39.843	620
39.868	572	39.894	607
39.919	580	39.945	593
39.969	583	39.995	579
40.021	580	40.046	565
40.071	572	40.096	552
40.122	560	40.148	540
40.172	542	40.198	531
40.223	523	40.249	524
40.273	499	40.299	520
40.325	477	40.350	519
40.375	453	40.400	521
40.426	431	40.452	527
40.476	412	40.502	534
40.527	396	40.553	545
40.578	384	40.603	555
40.629	378	40.654	568
40.679	377	40.705	580
40.730	381	40.756	594
40.780	391	40.806	605
40.832	405	40.857	615
40.882	423	40.907	623
40.933	444	40.959	628
40.983	467	41.009	631
41.034	491	41.060	631
41.085	515	41.110	628
41.136	536	41.161	624
41.186	554	41.211	617
41.237	569	41.263	607
41.287	579	41.313	596
41.338	585	41.364	585
41.389	585	41.414	575
41.440	579	41.465	563
41.490	569	41.516	554
41.541	553	41.567	545
41.591	533	41.617	539
41.643	511	41.668	534
41.693	488	41.718	532
41.744	464	41.770	533
41.794	441	41.820	535
41.845	419	41.871	540
41.896	401	41.921	547
41.947	388	41.972	555
41.997	379	42.022	564
42.048	375	42.074	575
42.098	376	42.124	585
42.149	384	42.175	593
42.200	396	42.225	602
42.251	412	42.276	608
42.302	433	42.327	614
42.352	455	42.378	617
42.403	479	42.428	618
42.454	503	42.479	618
42.505	527	42.529	614
42.555	548	42.581	609
42.606	564	42.631	604
42.656	577	42.682	597
42.708	584	42.732	589
42.758	587	42.783	581
42.809	584	42.833	573
42.859	575	42.885	565
42.910	562	42.935	558
42.960	545	42.986	553
43.012	523	43.036	549
43.062	500	43.087	546
43.113	476	43.138	545
43.163	452	43.189	546
43.214	429	43.239	549
43.265	409	43.290	552
43.316	393	43.340	557
43.366	382	43.392	565
43.417	376	43.442	571
43.467	374	43.493	578
43.519	379	43.543	584
43.569	389	43.594	590
43.620	404	43.645	596
43.670	422	43.696	600
43.721	445	43.746	603
43.771	468	43.797	605
43.823	493	43.847	604
43.873	516	43.898	605
43.924	538	43.949	602
43.974	557	44.000	599
44.025	572	44.050	595
44.076	582	44.101	590
44.127	587	44.151	585
44.177	586	44.203	580
44.228	580	44.253	574
44.278	569	44.304	570
44.330	553	44.354	566
44.380	534	44.405	562
44.431	511	44.456	560
44.481	487	44.507	560
44.532	463	44.557	559
44.582	439	44.608	560
44.634	418	44.658	561
44.684	400	44.709	563
44.735	387	44.760	567
44.785	378	44.811	570
44.836	374	44.861	574
44.887	376	44.912	578
44.938	384	44.962	581
44.988	397	45.014	584
45.039	414	45.064	587
45.089	434	45.115	590
45.141	457	45.165	591
45.191	481	45.216	592
45.242	505	45.267	592
45.292	528	45.318	591
45.343	548	45.369	590
45.393	565	45.419	588
45.445	576	45.470	588
45.495	584	45.520	585
45.546	586	45.572	583
45.596	583	45.622	581
45.647	574	45.673	579
45.698	561	45.723	576
45.749	543	45.774	575
45.799	522	45.825	574
45.850	498	45.876	573
45.900	474	45.926	572
45.952	451	45.977	571
46.002	429	46.027	571
46.053	409	46.079	573
46.103	394	46.129	572
46.154	382	46.180	572
46.205	377	46.230	573
46.256	376	46.281	574
46.306	382	46.331	575
46.357	391	46.383	576
46.407	407	46.433	577
46.458	425	46.484	578
46.509	446	46.534	579
46.560	470	46.585	579
46.610	494	46.636	580
46.661	517	46.687	581
46.711	538	46.737	581
46.763	556	46.788	581
46.813	570	46.838	583
46.864	579	46.890	583
46.914	584	46.940	584
46.965	584	46.991	584
47.016	577	47.041	585
47.067	566	47.092	585
47.117	550	47.142	584
47.168	531	47.194	585
47.218	509	47.244	584
47.269	486	47.295	583
47.320	462	47.345	583
47.371	440	47.396	582
47.421	419	47.447	581
47.472	403	47.498	580
47.522	390	47.548	577
47.574	382	47.599	575
47.624	378	47.649	573
47.675	380	47.701	572
47.725	389	47.751	570
47.776	401	47.802	569
47.827	417	47.852	568
47.878	437	47.903	568
47.928	459	47.953	569
47.979	482	48.005	568
48.029	506	48.055	570
48.080	527	48.106	572
48.131	547	48.156	574
48.182	562	48.207	577
48.232	573	48.258	580
48.283	581	48.309	583
48.333	582	48.359	586
48.385	578	48.410	588
48.435	570	48.460	591
48.486	556	48.512	593
48.536	539	48.562	594
48.587	519	48.613	595
48.638	496	48.663	595
48.689	474	48.714	594
48.739	451	48.765	591
48.790	430	48.816	590
48.840	412	48.866	586
48.891	397	48.917	582
48.942	387	48.967	578
48.993	382	49.018	574
49.044	382	49.069	570
49.094	387	49.120	566
49.145	397	49.170	564
49.196	411	49.221	560
49.247	429	49.271	559
49.297	450	49.323	558
49.348	472	49.373	558
49.398	494	49.424	560
49.450	516	49.474	562
49.500	536	49.525	566
49.551	553	49.576	570
49.601	566	49.627	575
49.652	574	49.677	580
49.702	578	49.728	585
49.754	577	49.778	590
49.804	571	49.829	595
49.855	560	49.880	599
49.905	545	49.931	602
49.956	527	49.981	604
50.007	506	50.032	605
50.058	484	50.082	605
50.108	462	50.134	602
50.159	441	50.184	599
50.209	422	50.235	594
50.261	407	50.285	590
50.311	395	50.336	584
50.362	388	50.387	577
50.412	386	50.438	571
50.463	388	50.488	565
50.513	396	50.539	559
50.565	408	50.589	554
50.615	423	50.640	551
50.666	442	50.691	549
50.716	462	50.742	547
50.767	484	50.792	549
50.818	505	50.843	552
50.869	525	50.893	555
50.919	543	50.945	561
50.970	557	50.995	568
51.020	567	51.046	574
51.072	573	51.096	582
51.122	575	51.147	590
51.173	570	51.198	596
51.223	562	51.249	602
51.274	549	51.299	608
51.325	533	51.350	612
51.376	515	51.400	614
51.426	494	51.451	615
51.477	473	51.502	613
51.527	453	51.553	609
51.578	434	51.603	604
51.629	417	51.654	598
51.680	404	51.704	591
51.730	396	51.756	582
51.781	391	51.806	574
51.831	391	51.857	565
51.883	396	51.907	557
51.933	406	51.958	550
51.984	419	52.009	545
52.034	435	52.060	541
52.085	454	52.111	538
52.136	474	52.161	540
52.187	494	52.212	540
52.237	514	52.262	546
52.288	532	52.314	551
52.338	547	52.364	559
52.389	558	52.415	568
52.440	566	52.465	577
52.491	568	52.516	587
52.541	567	52.567	596
52.592	561	52.618	605
52.642	552	52.668	613
52.694	538	52.719	618
52.744	521	52.769	621
52.795	503	52.821	623
52.845	483	52.871	623
52.896	464	52.922	620
52.947	445	52.972	615
52.998	428	53.023	608
53.048	415	53.073	599
53.099	405	53.125	589
53.149	397	53.175	578
53.200	396	53.226	568
53.251	399	53.276	557
53.302	406	53.327	549
53.352	417	53.378	541
53.403	431	53.429	535
53.453	447	53.479	530
53.505	465	53.530	531
53.555	485	53.580	530
53.606	503	53.632	535
53.656	521	53.682	541
53.707	537	53.733	549
53.758	549	53.783	559
53.809	558	53.834	570
53.859	562	53.885	581
53.910	564	53.936	594
53.960	559	53.986	604
54.011	552	54.037	614
54.062	541	54.087	623
54.113	526	54.138	627
54.163	510	54.189	631
54.214	492	54.240	631
54.264	474	54.290	629
54.316	456	54.341	625
54.366	439	54.391	617
54.417	425	54.443	608
54.467	414	54.493	597
54.518	406	54.544	585
54.569	402	54.594	573
54.620	404	54.645	560
54.670	408	54.696	549
54.721	416	54.747	539
54.771	428	54.797	530
54.822	443	54.848	526
54.873	459	54.898	522
54.924	476	54.949	522
54.974	493	55.000	526
55.025	511	55.051	531
55.075	525	55.101	540
55.127	539	55.152	550
55.177	548	55.202	562
55.228	555	55.254	575
55.278	557	55.304	589
55.329	555	55.355	602
55.380	550	55.405	613
55.431	541	55.456	624
55.481	529	55.507	632
55.532	515	55.558	637
55.582	499	55.608	639
55.633	482	55.659	638
55.684	466	55.709	634
55.735	450	55.760	627
55.785	436	55.811	618
55.836	425	55.862	606
55.886	416	55.912	593
55.938	411	55.963	579
55.988	410	56.013	564
56.039	412	56.065	552
56.089	418	56.115	539
56.140	427	56.166	529
56.191	439	56.216	521
56.242	453	56.267	516
56.292	469	56.318	515
56.343	485	56.369	517
56.393	500	56.419	522
56.445	515	56.470	530
56.495	528	56.520	541
56.546	538	56.571	553
56.596	546	56.622	567
56.647	550	56.673	582
56.697	550	56.723	597
56.749	547	56.774	610
56.799	540	56.824	623
56.850	530	56.876	634
56.900	518	56.926	641
56.951	504	56.977	645
57.002	489	57.027	646
57.053	474	57.078	643
57.103	460	57.129	637
57.154	446	57.180	627
57.204	435	57.230	616
57.256	425	57.281	602
57.306	420	57.331	587
57.357	417	57.382	571
57.407	417	57.433	556
57.458	421	57.484	541
57.508	429	57.534	529
57.560	438	57.585	519
57.610	451	57.635	512
57.661	464	57.687	509
57.711	478	57.737	509
57.762	492	57.788	513
57.813	506	57.838	520
57.864	518	57.889	531
57.914	529	57.940	544
57.965	537	57.991	558
58.015	541	58.041	575
58.067	543	58.092	591
58.117	541	58.142	607
58.168	537	58.193	621
58.218	529	58.244	633
58.269	519	58.295	642
58.319	507	58.345	649
58.371	494	58.396	651
58.421	481	58.446	650
58.472	468	58.498	645
58.522	456	58.548	637
58.573	445	58.599	626
58.624	436	58.649	612
58.675	429	58.700	596
58.725	425	58.751	579
58.776	424	58.802	562
58.826	427	58.852	546
58.878	432	58.903	531
58.928	440	58.953	520
58.979	449	59.005	510
59.029	460	59.055	505
59.080	473	59.106	503
59.130	484	59.156	505
59.182	497	59.207	511
59.232	508	59.257	521
59.283	519	59.309	533
59.333	527	59.359	549
59.384	532	59.410	566
59.435	534	59.460	583
59.486	534	59.511	601
59.536	532	59.562	616
59.587	526	59.613	631
59.637	518	59.663	643
59.689	509	59.714	651
59.739	498	59.764	655
59.790	487	59.816	656
59.840	475	59.866	652
59.891	464	59.917	645
59.941	454	59.967	635
59.993	445	60.018	621
60.043	439	60.068	605
60.094	435	60.120	587
60.144	433	60.170	569
60.195	433	60.221	552
60.246	437	60.271	536
60.297	443	60.322	522
60.347	450	60.373	510
60.398	459	60.424	503
60.448	469	60.474	499
60.500	479	60.525	499
60.550	491	60.575	504
60.601	500	60.627	513
60.651	510	60.677	525
60.702	517	60.728	540
60.752	522	60.778	557
60.804	525	60.829	574
60.854	527	60.879	593
60.905	525	60.931	610
60.955	522	60.981	627
61.006	516	61.032	640
61.058	508	61.082	650
61.108	500	61.133	657
61.159	491	61.184	660
61.209	481	61.235	658
61.260	472	61.285	653
61.311	462	61.336	643
61.362	455	61.386	631
61.412	449	61.438	615
61.463	444	61.488	597
61.513	442	61.539	578
61.565	442	61.589	560
61.615	443	61.640	541
61.666	447	61.690	526
61.716	452	61.742	512
61.767	459	61.792	503
61.817	467	61.843	497
61.869	476	61.893	495
61.919	485	61.944	498
61.970	493	61.995	505
62.020	501	62.046	516
62.071	508	62.096	530
62.122	513	62.147	547
62.173	516	62.197	566
62.223	518	62.249	585
62.274	518	62.299	604
62.324	516	62.350	620
62.376	512	62.400	635
62.426	506	62.451	648
62.477	500	62.501	657
62.527	493	62.553	662
62.578	485	62.603	663
62.628	477	62.654	659
62.680	469	62.704	651
62.730	463	62.755	638
62.781	458	62.806	624
62.831	453	62.857	606
62.882	451	62.907	587
62.933	450	62.958	568
62.984	451	63.008	550
63.034	453	63.060	532
63.085	456	63.110	517
63.135	462	63.161	505
63.187	468	63.211	497
63.237	474	63.262	493
63.288	481	63.312	494
63.338	488	63.364	499
63.389	494	63.414	509
63.439	499	63.465	521
63.491	504	63.515	537
63.541	507	63.566	555
63.592	509	63.617	575
63.642	509	63.668	595
63.693	508	63.718	613
63.744	506	63.769	631
63.795	502	63.819	644
63.845	497	63.871	655
63.896	491	63.921	662
63.946	487	63.972	665
63.998	481	64.022	663
64.048	475	64.073	657
64.099	470	64.123	646
64.149	466	64.175	633
64.200	462	64.226	615
64.250	460	64.276	598
64.302	459	64.327	577
64.352	459	64.377	557
64.403	460	64.429	539
64.453	462	64.479	522
64.504	466	64.530	509
64.555	470	64.580	499
64.606	475	64.631	493
64.656	479	64.682	492
64.707	484	64.733	495
64.757	489	64.783	502
64.809	492	64.834	514
64.859	496	64.884	528
64.910	499	64.936	546
64.960	500	64.986	566
65.011	501	65.037	586
65.061	500	65.087	605
65.113	499	65.138	623
65.163	497	65.188	639
65.214	494	65.240	652
65.264	491	65.290	660
65.315	487	65.341	665
65.366	483	65.391	665
65.417	479	65.442	660
65.467	476	65.493	652
65.518	473	65.544	640
65.568	470	65.594	624
65.620	469	65.645	606
65.670	467	65.695	587
65.721	467	65.747	566
65.771	468	65.797	548
65.822	469	65.848	530
65.872	471	65.898	514
65.924	473	65.949	502
65.974	476	65.999	495
66.025	479	66.051	491
66.075	482	66.101	493
66.126	485	66.152	498
66.177	487	66.202	508
66.228	489	66.253	522
66.278	491	66.304	539
66.329	492	66.355	557
66.379	492	66.405	576
66.431	492	66.456	595
66.481	491	66.506	615
66.532	491	66.558	632
66.582	489	66.608	646
66.633	487	66.659	657
66.683	485	66.709	663
66.735	482	66.760	666
66.785	481	66.810	664
66.836	479	66.862	656
66.886	478	66.912	646
66.937	477	66.963	632
66.988	476	67.013	614
67.039	476	67.064	596
67.089	476	67.115	577
67.140	476	67.166	556
67.190	477	67.216	538
67.242	477	67.267	521
67.292	479	67.317	508
67.343	479	67.369	498
67.393	481	67.419	493
67.444	481	67.470	492
67.494	482	67.520	495
67.546	483	67.571	504
67.596	484	67.621	515
67.647	484	67.673	530
67.697	484	67.723	548
67.748	484	67.774	567
67.799	484	67.824	587
67.850	483	67.875	606
67.901	484	67.926	624
67.951	483	67.977	639
68.002	482	68.027	651
68.053	482	68.078	660
68.104	482	68.128	664
68.154	482	68.180	663
68.205	482	68.230	659
68.255	482	68.281	649
68.307	482	68.331	638
68.357	483	68.382	622
68.408	483	68.432	604
68.458	483	68.484	585
68.509	483	68.534	565
68.559	483	68.585	547
68.611	484	68.635	530
68.661	484	68.686	515
68.712	483	68.737	504
68.762	483	68.788	496
68.813	482	68.838	494
68.864	482	68.889	495
68.915	481	68.939	501
68.965	480	68.991	511
69.016	479	69.041	524
69.066	478	69.092	541
69.118	478	69.142	559
69.168	478	69.193	577
69.219	477	69.243	597
69.269	477	69.295	615
69.320	478	69.345	631
69.370	478	69.396	645
69.422	479	69.446	655
69.472	480	69.497	660
69.523	482	69.548	662
69.573	483	69.599	660
69.624	485	69.649	653
69.675	486	69.700	643
69.726	488	69.750	628
69.776	488	69.802	612
69.827	489	69.852	594
69.877	491	69.903	575
69.929	489	69.953	556
69.979	489	70.004	538
70.030	489	70.054	523
70.080	488	70.106	511
70.131	485	70.156	501
70.181	483	70.207	496
70.233	482	70.257	496
70.283	480	70.308	500
70.334	477	70.359	508
70.384	475	70.410	519
70.435	474	70.460	534
70.486	473	70.511	550
70.537	472	70.561	569
70.587	472	70.613	588
70.638	471	70.663	606
70.688	473	70.714	623
70.740	474	70.764	637
70.790	476	70.815	648
70.841	478	70.865	656
70.891	481	70.917	659
70.942	484	70.968	658
70.992	486	71.018	654
71.044	489	71.069	646
71.094	491	71.119	634
71.145	494	71.171	619
71.195	494	71.221	602
71.246	496	71.272	583
71.297	495	71.322	565
71.348	495	71.373	548
71.398	493	71.424	531
71.449	491	71.475	519
71.499	489	71.525	508
71.551	486	71.576	500
71.601	483	71.626	498
71.652	479	71.678	501
71.702	476	71.728	506
71.753	472	71.779	515
71.803	470	71.829	528
71.855	468	71.880	544
71.905	467	71.930	561
71.956	466	71.982	579
72.006	466	72.032	597
72.057	467	72.083	614
72.108	469	72.133	629
72.159	472	72.184	641
72.209	475	72.235	650
72.260	479	72.286	655
72.310	483	72.336	656
72.362	487	72.387	654
72.412	490	72.437	647
72.463	494	72.489	637
72.513	497	72.539	624
72.564	498	72.590	609
72.614	500	72.640	592
72.666	500	72.691	574
72.716	500	72.741	557
72.767	499	72.793	541
72.817	496	72.843	526
72.868	493	72.894	515
72.919	489	72.944	507
72.970	485	72.995	503
73.020	480	73.046	502
73.071	476	73.097	506
73.121	471	73.147	514
73.173	467	73.198	524
73.223	465	73.248	538
73.274	462	73.300	554
73.324	461	73.350	571
73.375	460	73.401	588
73.425	463	73.451	605
73.477	465	73.502	619
73.527	467	73.552	633
73.578	471	73.604	643
73.628	476	73.654	649
73.679	481	73.705	653
73.730	486	73.755	652
73.781	490	73.806	647
73.831	495	73.857	639
73.882	499	73.908	628
73.932	502	73.958	615
73.984	504	74.009	599
74.034	506	74.059	582
74.085	506	74.111	565
74.135	504	74.161	549
74.186	501	74.212	535
74.237	498	74.262	523
74.288	493	74.313	514
74.338	488	74.363	508
74.389	482	74.415	506
74.439	476	74.465	508
74.490	472	74.516	513
74.541	466	74.566	522
74.592	463	74.617	534
74.642	460	74.668	548
74.693	458	74.719	563
74.743	457	74.769	579
74.795	457	74.820	595
74.845	459	74.870	611
74.896	462	74.922	624
74.946	467	74.972	635
74.997	472	75.023	643
75.048	477	75.073	648
75.099	483	75.124	648
75.149	490	75.174	646
75.200	495	75.226	640
75.250	500	75.276	631
75.301	505	75.327	619
75.352	508	75.377	605
75.403	510	75.428	589
75.454	510	75.479	574
75.504	509	75.530	558
75.555	506	75.580	544
75.606	503	75.631	531
75.657	498	75.681	522
75.707	492	75.733	514
75.758	486	75.783	511
75.808	480	75.834	511
75.860	473	75.884	515
75.910	467	75.935	521
75.961	461	75.985	531
76.011	458	76.037	543
76.062	454	76.087	557
76.112	453	76.138	572
76.164	453	76.188	588
76.214	454	76.239	601
76.265	458	76.290	616
76.315	462	76.341	627
76.366	467	76.391	635
76.417	473	76.442	641
76.468	481	76.492	644
76.518	487	76.544	643
76.569	494	76.594	639
76.619	501	76.645	632
76.671	506	76.695	622
76.721	511	76.746	609
76.772	513	76.797	596
76.822	514	76.848	581
76.873	514	76.898	567
76.923	512	76.949	553
76.975	508	76.999	540
77.025	503	77.050	530
77.076	497	77.101	521
77.126	490	77.152	518
77.177	482	77.202	515
77.228	475	77.253	517
77.279	468	77.303	522
77.329	461	77.355	529
77.380	456	77.405	540
77.430	451	77.456	552
77.482	449	77.506	565
77.532	449	77.557	580
77.583	450	77.608	594
77.633	453	77.659	607
77.684	457	77.709	618
77.734	463	77.760	629
77.786	469	77.810	634
77.836	476	77.861	638
77.887	484	77.912	639
77.937	492	77.963	636
77.988	499	78.013	631
78.039	506	78.064	623
78.090	511	78.114	613
78.140	515	78.166	601
78.191	517	78.216	588
78.241	518	78.267	575
78.293	516	78.317	562
78.343	513	78.368	549
78.394	508	78.419	539
78.444	502	78.470	530
78.495	495	78.521	524
78.545	486	78.571	521
78.597	478	78.622	521
78.647	470	78.672	524
78.698	463	78.724	530
78.748	456	78.774	538
78.799	451	78.825	549
78.850	447	78.875	561
78.901	446	78.926	574
78.951	446	78.977	586
79.002	448	79.028	598
79.052	452	79.078	609
79.104	458	79.129	619
79.154	465	79.179	627
79.205	472	79.231	631
79.255	481	79.281	634
79.306	489	79.332	633
79.357	498	79.382	629
79.408	505	79.433	623
79.458	512	79.483	614
79.509	517	79.535	604
79.559	519	79.585	593
79.610	521	79.636	580
79.661	520	79.686	568
79.712	517	79.737	558
79.762	513	79.788	547
79.813	506	79.839	538
79.863	499	79.889	531
79.915	491	79.940	528
79.965	482	79.990	526
80.016	473	80.042	528
80.066	465	80.092	532
80.117	458	80.143	538
80.168	451	80.193	547
80.219	446	80.244	557
80.269	444	80.294	568
80.320	443	80.346	580
80.370	444	80.396	592
80.421	448	80.447	603
80.472	453	80.497	611
80.523	460	80.548	619
80.573	468	80.599	624
80.624	476	80.650	627
80.674	486	80.700	628
80.726	495	80.751	626
80.776	503	80.801	622
80.827	511	80.853	615
80.877	517	80.903	606
80.928	521	80.954	596
80.979	523	81.004	586
81.030	523	81.055	576
81.080	521	81.105	565
81.131	517	81.157	555
81.181	512	81.207	546
81.232	504	81.258	540
81.283	495	81.308	535
81.334	486	81.359	533
81.384	477	81.410	532
81.435	467	81.461	534
81.485	459	81.511	540
81.537	452	81.562	546
81.587	447	81.612	555
81.638	443	81.664	564
81.688	441	81.714	574
81.739	441	81.765	584
81.790	444	81.815	595
81.841	449	81.866	603
81.891	455	81.917	611
81.942	464	81.968	617
81.992	472	82.018	620
82.043	481	82.069	622
82.094	491	82.119	622
82.145	500	82.170	619
82.196	509	82.221	614
82.246	516	82.272	606
82.297	521	82.322	599
82.348	525	82.373	590
82.399	526	82.423	581
82.449	525	82.475	571
82.500	522	82.525	562
82.550	516	82.576	554
82.602	509	82.626	547
82.652	501	82.677	542
82.703	491	82.728	539
82.753	480	82.779	539
82.804	471	82.829	539
82.854	462	82.880	543
82.906	454	82.930	548
82.956	447	82.981	554
83.007	443	83.032	562
83.057	440	83.083	571
83.108	439	83.133	580
83.159	441	83.184	587
83.210	445	83.234	596
83.260	451	83.286	603
83.311	458	83.336	609
83.361	467	83.387	613
83.413	477	83.437	615
83.463	486	83.488	616
83.514	497	83.539	615
83.564	506	83.590	611
83.615	514	83.640	605
83.665	520	83.691	599
83.717	525	83.741	592
83.767	527	83.792	584
83.818	527	83.843	577
83.868	525	83.894	569
83.919	520	83.944	561
83.970	513	83.995	555
84.021	505	84.045	550
84.071	496	84.097	546
84.122	486	84.147	544
84.172	476	84.198	545
84.224	466	84.248	546
84.274	457	84.299	551
84.325	449	84.350	554
84.375	443	84.401	560
84.426	439	84.451	568
84.477	438	84.502	575
84.528	439	84.552	582
84.578	442	84.603	589
84.629	447	84.654	596
84.679	454	84.705	601
84.730	463	84.755	605
84.781	472	84.806	609
84.832	483	84.856	609
84.882	493	84.908	610
84.933	503	84.958	607
84.983	511	85.009	604
85.035	519	85.059	599
85.085	524	85.110	594
85.136	527	85.161	587
85.186	528	85.212	581
85.237	527	85.263	574
85.288	523	85.313	568
85.339	517	85.364	562
85.389	510	85.414	557
85.440	501	85.466	554
85.490	491	85.516	552
85.541	480	85.567	550
85.592	470	85.617	552
85.643	460	85.668	554
85.693	452	85.719	556
85.744	445	85.770	560
85.794	440	85.820	566
85.846	437	85.871	572
85.896	437	85.921	578
85.947	439	85.973	584
85.997	444	86.023	589
86.048	450	86.074	594
86.099	459	86.124	598
86.150	467	86.175	601
86.200	478	86.225	603
86.251	488	86.277	603
86.301	498	86.327	602
86.352	508	86.378	601
86.403	516	86.428	598
86.454	522	86.479	593
86.504	527	86.530	589
86.555	529	86.581	583
86.605	528	86.631	578
86.657	525	86.682	573
86.707	520	86.732	568
86.758	514	86.784	564
86.808	505	86.834	561
86.859	496	86.885	559
86.910	485	86.935	558
86.961	475	86.986	557
87.011	464	87.037	558
87.062	455	87.088	560
87.112	448	87.138	563
87.163	442	87.189	567
87.214	438	87.239	571
87.265	437	87.290	575
87.315	438	87.341	580
87.366	442	87.392	584
87.416	447	87.442	588
87.468	454	87.493	592
87.518	463	87.543	594
87.569	473	87.595	596
87.619	483	87.645	596
87.670	494	87.696	597
87.721	504	87.746	597
87.772	513	87.797	594
87.822	520	87.848	591
87.873	525	87.899	589
87.923	528	87.949	585
87.974	529	88.000	581
88.025	528	88.050	577
88.076	523	88.101	574
88.126	517	88.152	571
88.177	509	88.203	567
88.227	500	88.253	566
88.279	490	88.304	564
88.329	479	88.354	564
88.380	469	88.406	563
88.430	460	88.456	563
88.481	451	88.507	566
88.532	444	88.557	568
88.583	440	88.608	571
88.633	437	88.659	574
88.684	438	88.710	577
88.734	440	88.760	580
88.785	445	88.811	583
88.836	452	88.861	586
88.887	459	88.912	589
88.937	469	88.963	589
88.988	479	89.014	591
89.038	489	89.064	591
89.090	499	89.115	590
89.140	509	89.165	590
89.191	517	89.217	588
89.241	522	89.267	587
89.292	527	89.318	585
89.343	528	89.368	583
89.394	529	89.419	580
89.444	525	89.470	578
89.495	519	89.521	576
89.545	512	89.571	573
89.597	504	89.622	571
89.647	495	89.672	570
89.698	484	89.723	570
89.748	474	89.774	569
89.799	464	89.825	568
89.849	455	89.875	570
89.901	448	89.926	571
89.951	443	89.976	572
90.002	439	90.028	574
90.052	438	90.078	575
90.103	440	90.129	577
90.154	443	90.179	579
90.205	449	90.230	581
90.255	456	90.281	582
90.306	465	90.332	584
90.356	475	90.382	585
90.408	485	90.433	584
90.458	495	90.483	586
90.509	504	90.534	586
90.559	513	90.585	586
90.610	519	90.636	584
90.660	524	90.686	583
90.712	527	90.737	583
90.762	528	90.787	582
90.813	526	90.839	580
90.863	522	90.889	579
90.914	515	90.940	578
90.965	507	90.990	576
91.016	498	91.041	576
91.066	489	91.092	575
91.117	479	91.143	576
91.167	469	91.193	574
91.219	460	91.244	575
91.269	453	91.294	574
91.320	446	91.345	574
91.370	442	91.396	575
91.421	440	91.447	575
91.471	440	91.497	576
91.523	443	91.548	577
91.573	447	91.598	577
91.624	453	91.650	577
91.674	461	91.700	578
91.725	470	91.751	578
91.776	480	91.801	579
91.827	490	91.852	579
91.877	500	91.903	580
91.928	509	91.954	581
91.978	516	92.004	581
92.030	522	92.055	581
92.080	525	92.105	581
92.131	526	92.157	581
92.181	526	92.207	581
92.232	523	92.258	582
92.282	517	92.308	581
92.334	510	92.359	582
92.384	502	92.409	581
92.435	493	92.461	580
92.485	483	92.511	579
92.536	474	92.562	578
92.587	465	92.612	578
92.638	456	92.663	578
92.688	450	92.714	577
92.739	445	92.765	576
92.789	441	92.815	576
92.841	441	92.866	575
92.891	443	92.916	575
92.942	447	92.968	575
92.992	452	93.018	575
93.043	459	93.069	574
93.093	467	93.119	575
93.145	476	93.170	574
93.195	486	93.220	575
93.246	495	93.272	576
93.296	504	93.322	577
93.347	511	93.373	578
93.398	518	93.423	579
93.449	522	93.474	580
93.499	524	93.525	581
93.550	525	93.576	582
93.600	522	93.626	583
93.652	518	93.677	584
93.702	512	93.727	584
93.753	505	93.779	584
93.803	496	93.829	584
93.854	487	93.880	583
93.904	478	93.930	583
93.956	469	93.981	582
94.006	461	94.031	581
94.057	454	94.083	580
94.107	448	94.133	578
94.158	444	94.184	577
94.209	442	94.234	575
94.260	444	94.285	574
94.310	447	94.336	573
94.361	451	94.387	571
94.411	457	94.437	571
94.463	465	94.488	571
94.513	473	94.538	571
94.564	482	94.590	571
94.614	491	94.640	572
94.665	499	94.691	574
94.715	507	94.741	575
94.767	514	94.792	577
94.818	519	94.842	578
94.868	521	94.894	580
94.919	522	94.944	582
94.969	521	94.995	584
95.021	518	95.045	586
95.071	514	95.096	587
95.122	507	95.147	587
95.172	499	95.198	588
95.223	491	95.248	588
95.274	482	95.299	587
95.325	473	95.349	586
95.375	466	95.401	584
95.426	458	95.451	583
95.476	452	95.502	580
95.528	448	95.552	578
95.578	446	95.603	575
95.629	446	95.653	574
95.679	447	95.705	572
95.730	451	95.755	569
95.780	456	95.806	569
95.832	463	95.856	567
95.882	470	95.907	567
95.933	478	95.958	567
95.983	487	96.009	568
96.034	495	96.059	570
96.085	503	96.110	572
96.136	509	96.160	574
96.186	514	96.212	576
96.237	518	96.262	579
96.287	520	96.313	582
96.339	519	96.363	584
96.389	517	96.414	586
96.440	514	96.464	588
96.490	508	96.516	590
96.541	501	96.566	591
96.591	494	96.617	592
96.643	485	96.667	591
96.693	477	96.718	590
96.744	470	96.769	588
96.794	463	96.820	586
96.845	456	96.870	583
96.896	452	96.921	580
96.947	449	96.971	577
96.997	449	97.023	574
97.048	449	97.073	572
97.098	451	97.124	569
97.150	456	97.174	567
97.200	461	97.225	565
97.251	468	97.275	564
97.301	475	97.327	564
97.352	484	97.377	564
97.402	491	97.428	566
97.454	499	97.478	568
97.504	505	97.529	571
97.555	511	97.580	574
97.605	515	97.631	577
97.656	517	97.681	580
97.707	517	97.732	585
97.758	516	97.783	588
97.808	513	97.834	590
97.859	509	97.885	592
97.909	503	97.935	593
97.961	496	97.986	595
98.011	488	98.036	594
98.062	481	98.088	593
98.112	473	98.138	592
98.163	466	98.189	589
98.213	461	98.239	586
98.265	456	98.290	583
98.315	453	98.340	579
98.366	451	98.392	575
98.416	451	98.442	572
98.467	453	98.493	568
98.518	456	98.543	565
98.569	461	98.594	563
98.619	466	98.645	562
98.670	473	98.696	562
98.720	480	98.746	562
98.772	487	98.797	563
98.822	494	98.847	564
98.873	501	98.899	567
98.923	507	98.949	571
98.974	510	99.000	575
99.024	514	99.050	578
99.076	515	99.101	583
99.126	514	99.151	586
99.177	512	99.203	590
99.227	508	99.253	593
99.278	503	99.304	595
99.329	497	99.354	596
99.380	491	99.405	597
99.430	485	99.456	596
99.481	478	99.507	595
99.531	471	99.557	593
99.583	465	99.608	589
99.633	460	99.658	586
99.684	457	99.710	582
99.734	454	99.760	577
99.785	454	99.811	573
99.835	455	99.861	568
99.887	457	99.912	565
99.937	461	99.962	562
99.988	466	100.014	561
100.038	472	100.064	559
100.089	478	100.115	559
100.140	484	100.165	560
100.191	491	100.216	561
100.241	497	100.267	564
100.292	502	100.318	568
100.342	506	100.368	572
100.394	509	100.419	576
100.444	511	100.469	581
100.495	511	100.521	586
100.545	510	100.571	589
100.596	507	100.622	593
100.646	503	100.672	596
100.698	499	100.723	598
100.748	493	100.773	599
100.799	487	100.825	599
100.849	481	100.875	598
100.900	475	100.926	596
100.951	470	100.976	592
101.002	464	101.027	589
101.053	461	101.078	585
101.103	458	101.129	579
101.154	457	101.179	574
101.205	457	101.230	570
101.256	459	101.280	566
101.306	462	101.332	563
101.357	466	101.382	560
101.407	470	101.433	557
101.459	476	101.483	557
101.509	482	101.534	557
101.560	487	101.584	558
101.610	493	101.636	561
101.661	498	101.686	564
101.711	502	101.737	568
101.763	506	101.787	574
101.813	508	101.838	577
101.864	508	101.889	584
101.914	507	101.940	589
101.965	506	101.990	592
102.016	503	102.041	597
102.067	498	102.091	599
102.117	494	102.143	601
102.168	489	102.193	601
102.218	483	102.244	601
102.270	477	102.294	599
102.320	473	102.345	596
102.371	469	102.395	592
102.421	464	102.447	588
102.472	462	102.497	582
102.522	461	102.548	577
102.574	460	102.598	572
102.624	461	102.649	566
102.675	463	102.700	562
102.725	466	102.751	559
102.776	470	102.801	557
102.827	475	102.852	555
102.878	480	102.902	555
102.928	485	102.954	556
102.979	490	103.004	558
103.029	495	103.055	562
103.081	498	103.105	566
103.131	502	103.156	570
103.182	504	103.206	577
103.232	505	103.258	582
103.283	505	103.308	587
103.333	503	103.359	592
103.385	501	103.409	596
103.435	498	103.460	599
103.486	495	103.511	602
103.536	489	103.562	603
103.587	485	103.612	602
103.638	480	103.663	601
103.689	477	103.713	599
103.739	472	103.765	594
103.790	469	103.815	590
103.840	466	103.866	585
103.892	465	103.916	579
103.942	464	103.967	574
103.993	464	104.017	569
104.043	466	104.069	564
104.094	467	104.120	559
104.144	471	104.170	556
104.196	475	104.221	554
104.246	479	104.271	554
104.297	483	104.323	554
104.347	488	104.373	556
104.398	492	104.424	558
104.449	495	104.474	563
104.500	498	104.525	568
104.550	500	104.576	573
104.601	501	104.627	579
104.651	501	104.677	586
104.703	501	104.728	590
104.753	500	104.778	594
104.804	497	104.830	599
104.854	494	104.880	602
104.905	490	104.931	603
104.955	486	104.981	603
105.007	483	105.032	602
105.057	479	105.082	601
105.108	475	105.134	597
105.158	472	105.184	593
105.209	470	105.235	588
105.260	468	105.285	582
105.311	467	105.336	577
105.361	467	105.387	570
105.412	468	105.438	564
105.462	470	105.488	560
105.514	472	105.539	557
105.564	475	105.589	554
105.615	479	105.641	553
105.665	482	105.691	553
105.716	485	105.742	554
105.766	489	105.792	557
105.818	492	105.843	560
105.868	494	105.893	565
105.919	496	105.945	571
105.969	497	105.995	576
106.020	498	106.046	582
106.071	498	106.096	588
106.122	496	106.147	593
106.172	495	106.198	598
106.223	492	106.249	601
106.273	490	106.299	603
106.325	487	106.350	604
106.375	484	106.400	604
106.426	481	106.452	603
106.476	477	106.502	600
106.527	475	106.553	596
106.577	473	106.603	591
106.629	472	106.654	584
106.679	471	106.704	579
106.730	471	106.756	572
106.780	471	106.806	567
106.831	473	106.857	562
106.882	474	106.907	558
106.933	477	106.958	555
106.983	479	107.009	553
107.034	482	107.060	552
107.084	485	107.110	553
107.136	486	107.161	555
107.186	489	107.211	558
107.237	491	107.263	562
107.287	493	107.313	567
107.338	494	107.364	574
107.389	494	107.414	579
107.440	494	107.465	586
107.490	493	107.515	591
107.541	492	107.567	596
107.591	491	107.617	600
107.642	489	107.668	603
107.693	487	107.718	604
107.744	484	107.769	604
107.794	481	107.820	603
107.845	480	107.871	601
107.895	478	107.921	597
107.947	476	107.972	593
107.997	475	108.022	587
108.048	475	108.074	582
108.098	474	108.124	576
108.149	474	108.175	569
108.200	475	108.225	564
108.251	476	108.276	559
108.301	478	108.326	556
108.352	480	108.378	553
108.402	481	108.428	552
108.453	483	108.479	552
108.504	485	108.529	554
108.555	487	108.580	557
108.606	489	108.631	560
108.656	490	108.682	565
108.707	491	108.732	571
108.758	491	108.783	577
108.809	491	108.833	583
108.859	491	108.885	589
108.910	490	108.935	594
108.960	488	108.986	599
109.012	488	109.036	602
109.062	487	109.087	604
109.113	484	109.137	604
109.163	483	109.189	604
109.214	482	109.239	602
109.264	480	109.290	600
109.316	479	109.340	595
109.366	478	109.391	589
109.417	478	109.442	584
109.467	477	109.493	578
109.518	477	109.543	572
109.569	479	109.594	567
109.620	479	109.644	562
109.670	479	109.696	557
109.721	481	109.746	555
109.771	482	109.797	552
109.823	483	109.847	552
109.873	484	109.898	553
109.924	486	109.949	556
109.974	487	110.000	560
110.025	487	110.050	563
110.075	488	110.101	569
110.127	488	110.151	575
110.177	488	110.202	580
110.228	488	110.253	587
110.278	487	110.304	592
110.329	487	110.354	596
110.380	486	110.405	600
110.431	484	110.455	603
110.481	484	110.507	604
110.532	483	110.557	605
110.582	483	110.608	602
110.634	482	110.658	600
110.684	481	110.709	596
110.735	481	110.760	591
110.785	480	110.811	586
110.836	480	110.861	579
110.886	481	110.912	574
110.938	480	110.962	569
110.988	482	111.013	564
111.039	482	111.064	559
111.089	482	111.115	556
111.140	483	111.165	554
111.191	484	111.216	552
111.242	485	111.266	554
111.292	485	111.318	555
111.343	485	111.368	558
111.393	485	111.419	562
111.445	485	111.469	566
111.495	485	111.520	572
111.546	485	111.571	578
111.596	484	111.622	584
111.647	484	111.673	590
111.697	483	111.723	594
111.749	484	111.774	598
111.799	484	111.824	601
111.850	483	111.876	603
111.900	483	111.926	603
111.951	483	111.977	603
112.002	483	112.027	600
112.053	483	112.078	598
112.103	483	112.129	593
112.154	483	112.180	589
112.204	484	112.230	582
112.256	483	112.281	577
112.306	483	112.331	571
112.357	483	112.383	566
112.407	484	112.433	562
112.458	484	112.484	558
112.509	484	112.534	555
112.560	484	112.585	554
112.610	485	112.635	554
112.661	484	112.687	555
112.711	484	112.737	558
112.762	483	112.788	561
112.813	483	112.838	565
112.864	483	112.889	570
112.914	483	112.940	576
112.965	483	112.991	582
113.015	482	113.041	587
113.067	482	113.092	592
113.117	482	113.142	596
113.168	483	113.194	599
113.218	483	113.244	602
113.269	483	113.295	602
113.320	483	113.345	602
113.371	484	113.396	601
113.421	484	113.446	598
113.472	484	113.498	594
113.522	485	113.548	589
113.573	485	113.599	585
113.624	485	113.649	579
113.675	485	113.700	574
113.725	486	113.751	569
113.776	485	113.802	564
113.826	485	113.852	560
113.878	485	113.903	557
113.928	484	113.953	555
113.979	483	114.005	555
114.029	483	114.055	555
114.080	483	114.106	557
114.131	482	114.156	560
114.182	482	114.207	565
114.232	482	114.257	569
114.283	481	114.309	574
114.333	481	114.359	579
114.384	481	114.410	585
114.435	481	114.460	589
114.486	481	114.511	593
114.536	482	114.562	597
114.587	483	114.613	600
114.637	483	114.663	601
114.689	484	114.714	601
114.739	484	114.764	601
114.790	485	114.816	598
114.840	486	114.866	594
114.891	486	114.917	591
114.942	486	114.967	586
114.993	486	115.018	581
115.043	487	115.069	576
115.094	486	115.120	571
115.144	486	115.170	566
115.195	485	115.221	562
115.246	485	115.271	560
115.297	484	115.322	557
115.348	484	115.373	556
115.398	483	115.424	556
115.449	482	115.474	558
115.500	481	115.525	560
115.551	481	115.575	562
115.601	481	115.627	567
115.652	480	115.677	572
115.702	480	115.728	577
115.754	480	115.778	582
115.804	480	115.829	587
115.855	481	115.880	591
115.905	481	115.931	594
115.956	483	115.981	597
116.006	483	116.032	599
116.058	484	116.082	600
116.108	485	116.133	598
116.159	486	116.184	598
116.209	486	116.235	595
116.260	487	116.285	592
116.311	487	116.336	588
116.362	487	116.386	583
116.412	487	116.438	578
116.463	487	116.488	573
116.513	487	116.539	569
116.565	487	116.589	565
116.615	486	116.640	562
116.666	485	116.691	560
116.716	484	116.742	558
116.767	483	116.792	558
116.817	482	116.843	559
116.869	481	116.893	561
116.919	481	116.944	563
116.970	480	116.995	566
117.020	480	117.046	571
117.071	479	117.096	575
117.122	479	117.147	580
117.173	481	117.197	584
117.223	481	117.249	588
117.274	482	117.299	592
117.324	483	117.350	596
117.376	483	117.400	598
117.426	484	117.451	598
117.477	485	117.502	598
117.527	486	117.553	597
117.578	487	117.603	595
117.629	487	117.654	593
117.680	488	117.704	589
117.730	488	117.755	585
117.781	488	117.806	580
117.831	488	117.857	576
117.882	488	117.907	572
117.933	487	117.958	567
117.984	486	118.008	564
118.034	485	118.060	561
118.085	484	118.110	560
118.135	483	118.161	559
118.187	482	118.211	560
118.237	481	118.262	561
118.288	480	118.313	563
118.338	479	118.364	566
118.389	479	118.415	570
118.440	479	118.465	573
118.491	479	118.516	578
118.541	479	118.566	582
118.592	480	118.618	586
118.642	482	118.668	590
118.693	482	118.719	592
118.744	483	118.769	595
118.795	484	118.820	597
118.845	485	118.871	598
118.896	486	118.922	596
118.946	488	118.972	595
118.998	488	119.023	592
119.048	488	119.073	589
119.099	488	119.125	586
119.149	489	119.175	582
119.200	488	119.226	578
119.251	487	119.276	574
119.302	487	119.327	569
119.352	486	119.377	566
119.403	485	119.429	563
119.453	484	119.479	562
119.504	483	119.530	561
119.555	482	119.580	560
119.606	481	119.631	561
119.656	480	119.682	563
119.707	479	119.733	565
119.757	479	119.783	569
119.809	478	119.834	572
119.859	479	119.884	576
119.910	478	119.936	580
119.960	479	119.986	584
120.011	480	120.037	587
120.062	481	120.087	591
120.113	482	120.138	593
120.163	484	120.189	595
120.214	485	120.240	595
120.264	486	120.290	596
120.315	487	120.341	594
120.366	488	120.391	593
120.417	489	120.442	590
120.467	489	120.493	587
120.518	489	120.544	583
120.568	490	120.594	579
120.620	489	120.645	575
120.670	489	120.695	572
120.721	487	120.747	568
120.771	486	120.797	566
120.822	484	120.848	564
120.873	483	120.898	563
120.924	482	120.949	562
120.974	481	121.000	562
121.025	480	121.051	564
121.075	479	121.101	566
121.126	478	121.152	568
121.177	479	121.202	571
121.228	478	121.253	575
121.278	478	121.304	579
121.329	479	121.355	582
121.379	480	121.405	585
121.431	481	121.456	588
121.481	482	121.506	591
121.532	484	121.558	593
121.582	485	121.608	594
121.633	486	121.659	594
121.684	486	121.709	593
121.735	489	121.760	592
121.785	489	121.811	590
121.836	489	121.862	587
121.886	489	121.912	584
121.937	490	121.963	581
121.988	489	122.013	578
122.039	488	122.064	574
122.089	487	122.115	571
122.140	486	122.166	568
122.190	485	122.216	567
122.242	484	122.267	565
122.292	482	122.317	563
122.343	481	122.369	564
122.393	480	122.419	564
122.444	479	122.470	566
122.495	479	122.520	568
122.546	478	122.571	570
122.596	478	122.622	574
122.647	478	122.673	577
122.697	478	122.723	580
122.749	480	122.774	583
122.799	481	122.824	587
122.850	482	122.875	588
122.900	483	122.926	591
122.951	484	122.977	592
123.001	485	123.027	593
123.053	487	123.078	592
123.103	487	123.128	591
123.154	488	123.180	590
123.204	489	123.230	588
