#Creator: pendulumviewEventBuffer
#Creation time: Thu Mar  7 11:06:45 2019
#Time A	Pos A	Time B	Pos B
#[s]	[au]	[s]	[au]
0.024	667	0.050	582
0.076	666	0.101	582
0.126	666	0.151	582
0.177	665	0.203	583
0.227	665	0.253	583
0.278	666	0.304	583
0.329	666	0.354	583
0.380	667	0.405	583
0.430	667	0.456	583
0.481	666	0.507	583
0.531	667	0.557	582
0.582	666	0.608	583
0.633	667	0.658	583
0.684	667	0.709	583
0.734	667	0.760	582
0.785	667	0.811	582
0.835	666	0.861	581
0.887	666	0.912	581
0.937	664	0.962	581
0.988	665	1.014	581
1.038	666	1.064	581
1.089	666	1.115	582
1.140	667	1.165	582
1.191	668	1.216	582
1.241	669	1.267	582
1.292	669	1.318	583
1.342	669	1.368	583
1.394	660	1.419	582
1.444	643	1.469	583
1.495	617	1.520	583
1.545	585	1.571	583
1.596	547	1.622	582
1.646	506	1.672	582
1.698	465	1.723	581
1.749	424	1.773	580
1.799	386	1.825	578
1.850	354	1.875	576
1.900	328	1.926	574
1.952	311	1.976	572
2.002	305	2.027	568
2.053	308	2.078	567
2.103	320	2.129	564
2.154	340	2.179	563
2.205	367	2.230	561
2.256	400	2.280	560
2.306	439	2.331	559
2.357	480	2.382	560
2.407	521	2.433	561
2.458	560	2.483	564
2.509	595	2.534	566
2.560	625	2.584	570
2.610	647	2.636	575
2.661	661	2.686	579
2.711	665	2.737	584
2.763	661	2.787	589
2.813	648	2.838	593
2.864	626	2.889	597
2.914	597	2.940	599
2.965	564	2.990	601
3.016	524	3.041	602
3.067	484	3.091	601
3.117	444	3.142	598
3.168	406	3.193	596
3.218	372	3.244	590
3.269	344	3.294	585
3.320	323	3.345	578
3.371	312	3.395	571
3.421	311	3.447	564
3.472	318	3.497	558
3.522	333	3.548	552
3.574	356	3.598	547
3.624	385	3.649	543
3.675	421	3.700	541
3.725	460	3.751	540
3.776	498	3.801	542
3.827	539	3.852	545
3.878	575	3.902	550
3.928	607	3.954	557
3.979	632	4.004	564
4.029	650	4.055	572
4.080	659	4.105	581
4.131	658	4.156	590
4.182	650	4.206	599
4.232	634	4.258	607
4.283	608	4.308	613
4.333	578	4.359	617
4.385	542	4.409	620
4.435	504	4.460	620
4.486	464	4.511	617
4.536	426	4.562	613
4.587	391	4.612	607
4.638	361	4.663	598
4.689	337	4.713	588
4.739	322	4.765	578
4.790	316	4.815	566
4.840	319	4.866	556
4.891	330	4.916	546
4.942	350	4.967	537
4.993	374	5.017	530
5.043	406	5.069	525
5.094	442	5.119	522
5.144	481	5.170	523
5.196	518	5.220	526
5.246	556	5.271	532
5.297	588	5.322	540
5.347	615	5.373	550
5.398	636	5.423	563
5.449	649	5.474	575
5.500	652	5.525	589
5.550	648	5.576	601
5.601	636	5.627	613
5.651	615	5.677	623
5.702	589	5.728	631
5.753	557	5.778	636
5.804	521	5.829	638
5.854	485	5.880	636
5.905	447	5.931	632
5.955	411	5.981	625
6.007	380	6.032	615
6.057	355	6.082	602
6.108	336	6.134	588
6.158	326	6.184	573
6.209	325	6.235	557
6.260	331	6.285	544
6.311	345	6.336	531
6.361	367	6.387	519
6.412	394	6.438	511
6.462	427	6.488	506
6.514	463	6.539	505
6.564	499	6.589	507
6.615	534	6.640	513
6.665	568	6.691	522
6.716	597	6.742	534
6.766	620	6.792	549
6.818	636	6.843	566
6.868	643	6.893	583
6.919	643	6.945	599
6.969	636	6.995	615
7.020	620	7.046	629
7.071	597	7.096	641
7.122	569	7.147	649
7.172	537	7.198	654
7.223	501	7.249	654
7.273	466	7.299	651
7.325	432	7.350	643
7.375	401	7.400	633
7.426	373	7.451	618
7.476	352	7.502	601
7.527	339	7.553	583
7.577	334	7.603	564
7.629	336	7.654	546
7.679	345	7.704	528
7.730	363	7.756	513
7.780	386	7.806	501
7.831	414	7.857	493
7.882	447	7.907	488
7.933	481	7.958	489
7.983	515	8.009	494
8.034	548	8.060	503
8.084	578	8.110	517
8.136	602	8.161	533
8.186	621	8.211	551
8.237	631	8.262	573
8.287	635	8.313	593
8.338	631	8.364	613
8.388	619	8.414	631
8.440	602	8.465	647
8.490	578	8.515	659
8.541	549	8.567	667
8.591	517	8.617	670
8.642	484	8.668	669
8.693	452	8.718	661
8.744	420	8.769	651
8.794	393	8.820	636
8.845	370	8.871	617
8.895	354	8.921	597
8.947	345	8.972	574
8.997	344	9.022	552
9.048	349	9.074	530
9.098	363	9.124	511
9.149	382	9.175	494
9.199	406	9.225	483
9.251	435	9.276	476
9.301	466	9.326	473
9.352	498	9.378	476
9.402	529	9.428	485
9.453	558	9.479	498
9.504	583	9.529	516
9.555	603	9.580	536
9.605	617	9.631	559
9.656	623	9.682	584
9.706	623	9.732	607
9.758	617	9.783	629
9.808	602	9.833	649
9.859	583	9.885	665
9.909	558	9.935	677
9.960	530	9.986	683
10.010	499	10.036	684
10.062	469	10.087	679
10.112	439	10.137	669
10.163	412	10.189	654
10.213	389	10.239	635
10.264	371	10.290	612
10.315	360	10.340	587
10.366	355	10.391	561
10.416	356	10.442	536
10.467	366	10.493	513
10.517	381	10.543	492
10.569	401	10.594	476
10.619	426	10.644	466
10.670	453	10.696	460
10.720	482	10.746	460
10.771	512	10.797	467
10.821	540	10.847	479
10.873	564	10.898	497
10.923	585	10.948	518
10.974	600	11.000	543
11.024	609	11.050	570
11.075	612	11.101	596
11.126	609	11.151	624
11.177	599	11.202	647
11.227	584	11.253	668
11.278	563	11.304	683
11.328	539	11.354	693
11.380	512	11.405	697
11.430	484	11.455	695
11.481	456	11.507	687
11.531	431	11.557	673
11.582	407	11.608	653
11.632	388	11.658	630
11.684	376	11.709	604
11.734	369	11.759	575
11.785	367	11.811	546
11.835	372	11.861	519
11.886	383	11.912	494
11.937	399	11.962	474
11.988	420	12.013	459
12.038	444	12.064	449
12.089	469	12.115	447
12.139	496	12.165	451
12.191	522	12.216	461
12.241	546	12.266	478
12.292	566	12.318	499
12.342	582	12.368	526
12.393	593	12.419	555
12.443	599	12.469	584
12.495	599	12.520	614
12.545	592	12.570	641
12.596	580	12.622	666
12.646	565	12.672	686
12.697	544	12.723	699
12.749	522	12.773	707
12.799	496	12.824	707
12.850	471	12.875	703
12.900	447	12.926	690
12.951	425	12.976	672
13.002	406	13.027	648
13.053	392	13.077	621
13.103	383	13.129	591
13.154	380	13.179	560
13.204	381	13.230	529
13.256	389	13.280	500
13.306	400	13.331	476
13.357	417	13.381	457
13.407	438	13.433	444
13.458	460	13.483	437
13.508	483	13.534	437
13.560	507	13.584	446
13.610	529	13.635	460
13.661	549	13.686	481
13.711	565	13.737	507
13.762	577	13.787	537
13.813	584	13.838	569
13.864	586	13.888	601
13.914	583	13.940	632
13.965	575	13.990	660
14.015	562	14.041	684
14.067	546	14.091	702
14.117	526	14.142	713
14.168	505	14.192	718
14.218	483	14.244	715
14.269	461	14.294	706
14.319	441	14.345	689
14.371	423	14.395	666
14.421	409	14.446	639
14.472	399	14.497	608
14.522	393	14.548	575
14.573	392	14.598	542
14.624	397	14.649	510
14.675	405	14.699	482
14.725	418	14.751	458
14.776	434	14.801	442
14.826	453	14.852	431
14.878	473	14.902	428
14.928	494	14.953	432
14.979	513	15.003	445
15.029	531	15.055	463
15.080	547	15.105	489
15.130	559	15.156	518
15.182	568	15.206	551
15.232	571	15.257	586
15.283	571	15.308	618
15.333	566	15.359	650
15.384	557	15.409	678
15.435	544	15.460	701
15.486	529	15.510	715
15.536	511	15.562	724
15.587	492	15.612	725
15.637	473	15.663	718
15.689	455	15.713	705
15.739	439	15.764	684
15.790	425	15.814	656
15.840	415	15.866	626
15.891	408	15.917	593
15.941	406	15.967	557
15.993	407	16.018	524
16.043	413	16.068	491
16.094	423	16.120	464
16.144	434	16.170	443
16.195	449	16.221	428
16.246	466	16.271	421
16.297	483	16.322	421
16.347	500	16.373	430
16.398	516	16.424	447
16.448	530	16.474	471
16.500	542	16.525	499
16.550	551	16.575	533
16.601	555	16.627	568
16.651	557	16.677	603
16.702	554	16.728	637
16.752	548	16.778	669
16.804	539	16.829	695
16.854	527	16.879	714
16.905	513	16.931	727
16.955	498	16.981	731
17.006	482	17.032	729
17.057	467	17.082	717
17.108	453	17.133	700
17.158	441	17.184	674
17.209	431	17.235	645
17.259	424	17.285	611
17.311	421	17.336	575
17.361	420	17.386	539
17.412	423	17.438	505
17.462	430	17.488	473
17.513	439	17.539	448
17.563	450	17.589	430
17.615	462	17.640	418
17.665	476	17.690	416
17.716	490	17.742	420
17.766	503	17.792	434
17.817	516	17.843	455
17.868	526	17.893	482
17.919	534	17.944	514
17.969	539	17.995	549
18.020	541	18.046	586
18.070	541	18.096	621
18.122	537	18.147	655
18.172	531	18.197	685
18.223	522	18.249	709
18.273	511	18.299	726
18.324	500	18.350	734
18.374	488	18.400	735
18.426	476	18.451	728
18.476	465	18.501	713
18.527	455	18.553	691
18.577	446	18.603	662
18.628	440	18.654	629
18.679	436	18.704	593
18.730	435	18.755	556
18.780	436	18.806	520
18.831	440	18.857	486
18.881	446	18.907	458
18.933	453	18.958	434
18.983	463	19.008	419
19.034	473	19.060	412
19.084	483	19.110	413
19.135	493	19.161	423
19.186	503	19.211	440
19.237	511	19.262	465
19.287	518	19.312	496
19.338	523	19.364	530
19.388	526	19.414	567
19.439	526	19.465	605
19.490	524	19.515	641
19.541	521	19.566	673
19.591	515	19.617	700
19.642	507	19.668	720
19.692	500	19.718	734
19.744	491	19.769	738
19.794	482	19.819	736
19.845	474	19.871	724
19.895	466	19.921	705
19.946	460	19.972	678
19.997	454	20.022	647
20.048	452	20.073	612
20.098	450	20.123	574
20.149	450	20.175	538
20.199	452	20.225	502
20.250	455	20.276	470
20.301	460	20.326	444
20.352	466	20.377	424
20.403	473	20.428	413
20.453	479	20.479	410
20.504	487	20.529	415
20.555	493	20.580	430
20.606	499	20.630	451
20.656	504	20.682	479
20.707	507	20.732	512
20.757	509	20.783	548
20.809	511	20.833	587
20.859	509	20.884	623
20.910	507	20.934	658
20.960	504	20.986	688
21.011	500	21.036	712
21.061	495	21.087	729
21.113	490	21.137	737
21.163	485	21.188	738
21.214	479	21.239	732
21.264	475	21.290	716
21.315	471	21.340	692
21.366	467	21.391	664
21.417	465	21.441	630
21.467	464	21.493	593
21.518	464	21.543	555
21.568	465	21.594	519
21.620	467	21.644	485
21.670	468	21.695	455
21.721	472	21.746	433
21.771	475	21.797	417
21.822	479	21.847	411
21.872	482	21.898	411
21.924	486	21.948	421
21.974	489	21.999	440
22.025	491	22.050	464
22.075	492	22.101	496
22.126	494	22.151	530
22.177	494	22.202	568
22.228	494	22.252	605
22.278	493	22.304	641
22.329	491	22.354	673
22.379	490	22.405	701
22.431	488	22.455	722
22.481	486	22.506	734
22.532	484	22.557	739
22.582	482	22.608	735
22.633	480	22.658	724
22.683	479	22.709	704
22.735	478	22.759	678
22.785	477	22.810	646
22.836	477	22.861	611
22.886	478	22.912	574
22.937	479	22.962	537
22.988	479	23.013	501
23.039	479	23.063	470
23.089	480	23.115	444
23.140	481	23.165	425
23.190	481	23.216	414
23.242	482	23.266	411
23.292	482	23.317	417
23.343	482	23.368	432
23.393	481	23.419	453
23.444	481	23.470	481
23.494	480	23.520	514
23.546	480	23.571	550
23.596	479	23.621	587
23.647	479	23.673	624
23.697	479	23.723	658
23.748	479	23.774	687
23.799	479	23.824	711
23.850	480	23.875	727
23.900	481	23.926	734
23.951	482	23.977	735
24.001	484	24.027	728
24.053	485	24.078	712
24.103	486	24.128	689
24.154	488	24.180	662
24.204	489	24.230	628
24.255	491	24.281	592
24.306	491	24.331	555
24.357	491	24.382	520
24.407	491	24.432	486
24.458	490	24.484	458
24.508	489	24.534	437
24.559	486	24.585	422
24.610	483	24.635	416
24.661	481	24.686	417
24.711	478	24.737	427
24.762	475	24.788	445
24.812	473	24.838	469
24.864	470	24.889	499
24.914	468	24.939	533
24.965	467	24.991	569
25.015	466	25.041	605
25.066	467	25.092	640
25.117	469	25.142	671
25.168	471	25.193	697
25.218	474	25.243	717
25.269	477	25.295	729
25.319	481	25.345	732
25.370	485	25.396	729
25.421	489	25.446	717
25.472	493	25.497	699
25.522	497	25.548	673
25.573	500	25.599	643
25.623	502	25.649	609
25.675	503	25.700	573
25.725	503	25.750	539
25.776	502	25.802	504
25.826	499	25.852	474
25.877	497	25.903	450
25.928	493	25.953	432
25.979	488	26.004	422
26.029	482	26.054	420
26.080	477	26.106	426
26.130	471	26.156	440
26.181	467	26.207	460
26.232	462	26.257	487
26.283	459	26.308	518
26.333	457	26.359	552
26.384	456	26.410	588
26.434	456	26.460	622
26.486	458	26.511	654
26.536	461	26.561	681
26.587	466	26.613	704
26.637	471	26.663	719
26.688	477	26.714	726
26.739	484	26.764	727
26.790	491	26.815	719
26.840	498	26.866	704
26.891	503	26.917	683
26.941	508	26.967	656
26.992	512	27.018	624
27.043	514	27.068	591
27.094	515	27.119	556
27.145	513	27.170	523
27.195	511	27.221	492
27.246	507	27.271	465
27.297	501	27.322	445
27.348	494	27.372	432
27.398	487	27.424	426
27.449	479	27.474	427
27.499	471	27.525	438
27.551	463	27.575	454
27.601	457	27.626	477
27.652	452	27.677	505
27.702	448	27.728	537
27.753	446	27.778	570
27.803	445	27.829	605
27.855	447	27.879	636
27.905	451	27.930	665
27.956	457	27.981	689
28.006	463	28.032	707
28.057	472	28.082	717
28.108	480	28.133	721
28.159	490	28.183	718
28.209	499	28.235	707
28.260	507	28.285	689
28.310	514	28.336	666
28.362	520	28.386	637
28.412	524	28.437	606
28.463	526	28.488	573
28.513	525	28.539	541
28.564	522	28.589	509
28.614	518	28.640	482
28.666	511	28.690	460
28.716	503	28.741	444
28.767	493	28.792	435
28.817	483	28.843	432
28.868	472	28.893	439
28.919	463	28.944	451
28.970	454	28.994	470
29.020	446	29.046	495
29.071	441	29.096	524
29.121	436	29.147	555
29.173	436	29.197	587
29.223	437	29.248	618
29.274	440	29.299	648
29.324	447	29.350	673
29.375	454	29.400	693
29.426	464	29.451	706
29.477	475	29.501	713
29.527	486	29.552	714
29.578	497	29.603	706
29.628	508	29.654	693
29.679	518	29.704	673
29.730	526	29.755	648
29.781	532	29.805	620
29.831	536	29.857	589
29.882	536	29.907	557
29.932	533	29.958	528
29.984	529	30.008	499
30.034	522	30.059	476
30.085	513	30.110	458
30.135	501	30.161	446
30.186	489	30.212	441
30.237	477	30.262	442
30.288	464	30.313	451
30.338	453	30.363	466
30.389	443	30.415	487
30.439	435	30.465	512
30.490	429	30.516	542
30.541	427	30.566	571
30.592	426	30.617	601
30.642	429	30.668	631
30.693	436	30.719	656
30.743	444	30.769	677
30.795	455	30.820	693
30.845	467	30.870	702
30.896	480	30.922	706
30.946	494	30.972	703
30.997	507	31.023	692
31.048	519	31.073	677
31.099	529	31.124	656
31.149	537	31.174	630
31.200	543	31.226	603
31.250	546	31.276	573
31.301	544	31.327	545
31.352	540	31.377	516
31.403	533	31.428	493
31.453	523	31.479	473
31.504	511	31.530	459
31.554	497	31.580	452
31.606	483	31.631	450
31.656	468	31.681	455
31.707	454	31.733	465
31.757	442	31.783	483
31.808	431	31.834	505
31.859	424	31.884	530
31.910	418	31.935	558
31.960	417	31.986	586
32.011	419	32.037	613
32.061	425	32.087	639
32.112	433	32.138	662
32.163	444	32.188	678
32.214	458	32.239	690
32.264	472	32.290	696
32.315	488	32.341	696
32.365	503	32.391	689
32.417	518	32.442	678
32.467	531	32.492	660
32.518	541	32.544	639
32.568	548	32.594	614
32.619	553	32.645	588
32.670	553	32.695	560
32.721	550	32.746	534
32.771	544	32.797	510
32.822	534	32.848	490
32.872	521	32.898	474
32.923	507	32.949	464
32.974	491	32.999	460
33.025	474	33.050	461
33.075	458	33.101	469
33.126	444	33.152	482
33.176	431	33.202	500
33.228	420	33.253	522
33.278	413	33.303	546
33.329	410	33.355	572
33.379	410	33.405	598
33.430	414	33.456	623
33.481	422	33.506	645
33.532	434	33.557	662
33.582	448	33.608	676
33.633	463	33.659	684
33.683	480	33.709	687
33.734	498	33.760	684
33.785	514	33.810	675
33.836	529	33.861	662
33.886	543	33.912	644
33.937	553	33.963	623
33.987	558	34.013	599
34.039	561	34.064	574
34.089	559	34.114	550
34.140	554	34.166	526
34.190	545	34.216	506
34.241	532	34.267	490
34.292	517	34.317	478
34.343	500	34.368	471
34.393	482	34.419	471
34.444	464	34.470	475
34.494	447	34.520	484
34.546	432	34.571	498
34.596	419	34.621	517
34.647	409	34.672	538
34.697	405	34.723	561
34.748	403	34.774	584
34.798	406	34.824	607
34.850	412	34.875	628
34.900	423	34.925	647
34.951	437	34.977	661
35.001	453	35.027	670
35.052	471	35.078	675
35.103	490	35.128	675
35.154	509	35.179	669
35.204	526	35.230	660
35.255	542	35.281	646
35.305	554	35.331	628
35.357	562	35.382	608
35.407	567	35.432	586
35.458	568	35.483	564
35.508	563	35.534	543
35.559	555	35.585	523
35.609	543	35.635	506
35.661	528	35.686	493
35.711	510	35.736	485
35.762	491	35.788	481
35.812	471	35.838	484
35.863	453	35.889	489
35.914	435	35.939	500
35.965	420	35.990	514
36.015	408	36.041	532
36.066	400	36.092	552
36.116	397	36.142	572
36.168	397	36.193	594
36.218	403	36.243	613
36.269	413	36.294	630
36.319	426	36.345	645
36.370	442	36.396	656
36.420	461	36.446	662
36.472	481	36.497	665
36.522	500	36.547	662
36.573	520	36.599	655
36.623	538	36.649	645
36.674	553	36.700	631
36.725	564	36.750	614
36.776	571	36.801	595
36.826	574	36.852	576
36.877	571	36.903	556
36.927	564	36.953	539
36.979	554	37.004	522
37.029	539	37.054	509
37.080	522	37.106	501
37.130	502	37.156	495
37.181	481	37.207	494
37.231	460	37.257	497
37.283	441	37.308	504
37.333	423	37.358	515
37.384	410	37.410	529
37.434	399	37.460	546
37.485	393	37.511	563
37.536	392	37.561	582
37.587	395	37.612	599
37.637	403	37.663	616
37.688	416	37.714	629
37.738	431	37.764	641
37.790	450	37.815	648
37.840	471	37.865	652
37.891	492	37.917	652
37.941	513	37.967	649
37.992	533	38.018	641
38.042	550	38.068	630
38.094	563	38.119	616
38.144	573	38.169	601
38.195	577	38.221	585
38.245	577	38.271	568
38.296	573	38.322	552
38.347	563	38.372	537
38.398	550	38.423	525
38.448	533	38.474	515
38.499	513	38.525	509
38.549	492	38.575	506
38.601	470	38.626	507
38.651	448	38.676	511
38.702	430	38.728	519
38.752	413	38.778	530
38.803	400	38.829	544
38.853	391	38.879	558
38.905	388	38.930	573
38.955	389	38.980	588
39.006	396	39.032	603
39.056	406	39.082	615
39.107	421	39.133	626
39.158	439	39.183	634
39.209	460	39.234	639
39.259	482	39.285	641
39.310	504	39.336	639
39.360	525	39.386	634
39.412	544	39.437	627
39.462	560	39.487	616
39.513	572	39.539	605
39.563	579	39.589	591
39.614	582	39.640	577
39.664	579	39.690	563
39.716	571	39.741	550
39.767	559	39.791	539
39.817	543	39.843	529
39.868	524	39.893	524
39.918	502	39.944	519
39.970	480	39.994	519
40.020	458	40.045	521
40.071	437	40.096	526
40.121	418	40.147	533
40.172	403	40.197	543
40.223	392	40.248	555
40.274	386	40.298	566
40.324	385	40.350	579
40.375	389	40.400	591
40.425	398	40.451	602
40.477	412	40.501	612
40.527	429	40.552	620
40.578	449	40.602	624
40.628	471	40.654	627
40.679	493	40.704	628
40.729	516	40.755	625
40.781	537	40.805	620
40.831	555	40.856	614
40.882	569	40.907	605
40.932	579	40.958	594
40.983	583	41.008	584
41.034	583	41.059	571
41.085	578	41.109	562
41.135	568	41.161	553
41.186	553	41.211	544
41.236	534	41.262	538
41.288	514	41.312	534
41.338	491	41.363	532
41.389	468	41.413	532
41.439	446	41.465	535
41.490	425	41.515	539
41.540	409	41.566	546
41.592	395	41.616	554
41.642	386	41.667	563
41.693	383	41.718	572
41.743	385	41.769	583
41.794	392	41.819	591
41.845	404	41.870	599
41.896	419	41.920	606
41.946	439	41.972	611
41.997	460	42.022	614
42.047	483	42.073	616
42.099	506	42.123	615
42.149	528	42.174	612
42.200	547	42.224	608
42.250	564	42.276	602
42.301	576	42.326	595
42.351	583	42.377	587
42.403	586	42.427	579
42.453	582	42.478	570
42.504	574	42.529	564
42.554	561	42.580	556
42.605	544	42.630	552
42.656	524	42.681	548
42.707	502	42.732	545
42.757	479	42.783	544
42.808	456	42.834	545
42.858	435	42.884	548
42.910	415	42.935	552
42.960	400	42.985	557
43.011	389	43.037	562
43.061	383	43.087	569
43.112	382	43.138	576
43.162	388	43.188	582
43.214	397	43.239	588
43.264	411	43.289	593
43.315	429	43.341	598
43.365	449	43.391	601
43.416	472	43.442	603
43.467	495	43.492	603
43.518	518	43.543	602
43.568	539	43.594	600
43.619	557	43.645	597
43.669	571	43.695	593
43.721	580	43.746	588
43.771	585	43.796	582
43.822	585	43.848	577
43.872	579	43.898	573
43.923	568	43.949	567
43.973	553	43.999	563
44.025	535	44.050	560
44.075	513	44.100	558
44.126	490	44.152	557
44.176	467	44.202	557
44.227	444	44.253	558
44.278	424	44.303	559
44.329	407	44.354	562
44.379	395	44.405	565
44.430	386	44.456	568
44.480	383	44.506	573
44.532	385	44.557	576
44.582	392	44.607	579
44.633	404	44.659	583
44.683	420	44.709	586
44.734	440	44.760	588
44.784	461	44.810	589
44.836	484	44.861	591
44.886	508	44.911	591
44.937	529	44.963	590
44.987	549	45.013	589
45.038	564	45.064	588
45.089	576	45.114	586
45.140	583	45.165	583
45.190	585	45.216	581
45.241	581	45.267	578
45.291	573	45.317	576
45.343	560	45.368	574
45.393	543	45.418	572
45.444	523	45.470	571
45.494	501	45.520	570
45.545	478	45.571	569
45.595	456	45.621	569
45.647	434	45.672	569
45.697	416	45.722	569
45.748	401	45.774	570
45.798	391	45.824	571
45.849	385	45.875	571
45.900	384	45.925	572
45.951	390	45.976	573
46.002	399	46.027	575
46.052	413	46.078	575
46.103	431	46.128	576
46.154	451	46.179	577
46.205	473	46.229	578
46.255	496	46.281	578
46.306	519	46.331	579
46.356	539	46.382	580
46.408	557	46.432	580
46.458	570	46.483	581
46.509	579	46.533	581
46.559	583	46.585	581
46.610	582	46.635	582
46.660	576	46.686	582
46.712	565	46.736	582
46.762	550	46.787	581
46.813	532	46.838	582
46.863	511	46.889	581
46.914	489	46.939	581
46.965	466	46.990	580
47.016	444	47.040	578
47.066	425	47.092	577
47.117	409	47.142	576
47.167	397	47.193	575
47.219	389	47.243	573
47.269	387	47.294	571
47.320	389	47.344	571
47.370	396	47.396	569
47.421	408	47.446	568
47.471	424	47.497	567
47.523	443	47.547	567
47.573	464	47.598	567
47.624	486	47.649	568
47.674	508	47.700	569
47.725	529	47.750	571
47.776	547	47.801	573
47.827	562	47.851	576
47.877	573	47.903	578
47.928	579	47.953	581
47.978	580	48.004	583
48.030	576	48.054	586
48.080	569	48.105	588
48.131	556	48.155	590
48.181	539	48.207	591
48.232	520	48.257	592
48.282	499	48.308	591
48.334	477	48.358	590
48.384	456	48.409	589
48.435	436	48.460	586
48.485	418	48.511	583
48.536	405	48.561	580
48.587	395	48.612	576
48.638	390	48.662	573
48.688	390	48.714	568
48.739	395	48.764	565
48.789	405	48.815	562
48.841	418	48.865	559
48.891	436	48.916	558
48.942	455	48.966	557
48.992	475	49.018	558
49.043	497	49.069	560
49.093	519	49.119	562
49.145	537	49.170	564
49.195	553	49.220	569
49.246	565	49.272	573
49.296	573	49.322	578
49.347	577	49.373	583
49.398	576	49.423	588
49.449	570	49.474	592
49.499	559	49.525	595
49.550	545	49.576	599
49.600	527	49.626	600
49.652	508	49.677	601
49.702	487	49.727	600
49.753	467	49.779	599
49.803	447	49.829	595
49.854	428	49.880	592
49.904	414	49.930	586
49.956	403	49.981	581
50.006	396	50.031	575
50.057	394	50.083	568
50.107	396	50.133	563
50.158	403	50.184	558
50.209	415	50.234	554
50.260	429	50.285	551
50.310	448	50.336	549
50.361	467	50.387	548
50.411	488	50.437	549
50.463	508	50.488	552
50.513	526	50.538	556
50.564	543	50.590	560
50.614	557	50.640	566
50.665	566	50.691	573
50.715	572	50.741	580
50.767	573	50.792	587
50.817	569	50.842	594
50.868	562	50.894	599
50.918	550	50.944	604
50.969	534	50.995	608
51.020	516	51.045	610
51.071	497	51.096	610
51.121	477	51.147	609
51.172	457	51.198	605
51.222	439	51.248	600
51.274	424	51.299	594
51.324	412	51.349	588
51.375	403	51.401	579
51.425	399	51.451	572
51.476	399	51.502	564
51.526	404	51.552	556
51.578	413	51.603	550
51.628	425	51.653	545
51.679	441	51.705	541
51.729	459	51.755	539
51.780	478	51.806	539
51.831	498	51.856	542
51.882	516	51.907	546
51.932	533	51.958	552
51.983	547	52.009	559
52.033	558	52.059	567
52.085	565	52.110	576
52.135	568	52.160	584
52.186	567	52.212	592
52.236	561	52.262	601
52.287	552	52.313	608
52.338	538	52.363	613
52.389	523	52.414	617
52.439	504	52.464	619
52.490	486	52.516	617
52.540	468	52.566	615
52.591	449	52.617	610
52.642	434	52.667	603
52.693	421	52.718	595
52.743	412	52.769	586
52.794	405	52.820	575
52.844	404	52.870	566
52.896	406	52.921	557
52.946	413	52.971	548
52.997	423	53.023	541
53.047	437	53.073	535
53.098	453	53.124	532
53.149	470	53.174	531
53.200	488	53.225	533
53.250	506	53.275	536
53.301	523	53.327	542
53.351	538	53.377	550
53.402	549	53.428	559
53.453	557	53.478	570
53.504	562	53.529	580
53.555	563	53.580	591
53.605	559	53.631	601
53.656	552	53.681	610
53.707	540	53.732	617
53.758	527	53.782	622
53.808	511	53.834	625
53.859	494	53.884	626
53.909	477	53.935	624
53.961	460	53.985	620
54.011	445	54.036	613
54.062	431	54.086	603
54.112	420	54.138	593
54.163	413	54.188	582
54.213	410	54.239	571
54.265	410	54.289	559
54.315	415	54.340	548
54.366	423	54.391	539
54.416	434	54.442	532
54.467	449	54.492	526
54.518	464	54.543	524
54.569	481	54.593	524
54.619	497	54.645	527
54.670	513	54.695	532
54.720	527	54.746	541
54.772	539	54.796	550
54.822	549	54.847	561
54.873	555	54.898	573
54.923	557	54.949	587
54.974	555	54.999	599
55.024	550	55.050	609
55.076	541	55.100	619
55.126	530	55.151	626
55.177	516	55.202	631
55.227	501	55.253	633
55.278	485	55.303	632
55.329	469	55.354	628
55.380	454	55.404	622
55.430	441	55.456	613
55.481	430	55.506	602
55.531	422	55.557	589
55.583	417	55.607	576
55.633	416	55.658	563
55.684	419	55.709	550
55.734	424	55.760	539
55.785	434	55.810	530
55.835	446	55.861	523
55.887	459	55.911	518
55.937	473	55.962	517
55.988	488	56.013	519
56.038	504	56.064	524
56.089	518	56.114	531
56.140	529	56.165	541
56.191	540	56.215	553
56.241	546	56.267	567
56.292	549	56.317	581
56.342	549	56.368	594
56.394	547	56.418	607
56.444	540	56.469	619
56.495	531	56.520	628
56.545	519	56.571	635
56.596	506	56.622	639
56.646	492	56.672	639
56.698	477	56.723	637
56.748	463	56.773	631
56.799	450	56.825	622
56.849	440	56.875	610
56.900	431	56.926	597
56.951	426	56.976	584
57.002	423	57.027	569
57.052	424	57.078	555
57.103	428	57.129	542
57.153	435	57.179	530
57.205	444	57.230	521
57.255	456	57.280	514
57.306	469	57.332	511
57.356	482	57.382	511
57.407	495	57.433	515
57.458	508	57.483	522
57.509	520	57.534	532
57.559	530	57.584	544
57.610	537	57.636	558
57.660	541	57.686	573
57.711	543	57.737	588
57.762	541	57.787	603
57.813	537	57.838	617
57.863	529	57.889	628
57.914	521	57.940	636
57.964	510	57.990	642
58.016	497	58.041	645
58.066	484	58.091	644
58.117	472	58.143	638
58.167	460	58.193	630
58.218	449	58.244	620
58.269	441	58.294	607
58.320	435	58.345	592
58.370	431	58.395	576
58.421	431	58.447	560
58.471	433	58.497	546
58.522	438	58.548	532
58.573	445	58.598	521
58.624	454	58.649	512
58.674	464	58.700	507
58.725	476	58.751	505
58.775	489	58.801	508
58.827	500	58.852	514
58.877	511	58.902	524
58.928	520	58.954	534
58.978	528	59.004	549
59.029	533	59.055	565
59.080	535	59.105	581
59.131	535	59.156	597
59.181	532	59.206	613
59.232	528	59.258	626
59.282	520	59.308	636
59.333	511	59.359	644
59.384	500	59.409	649
59.435	490	59.460	650
59.485	478	59.511	646
59.536	468	59.562	639
59.586	458	59.612	629
59.638	450	59.663	616
59.688	444	59.713	601
59.739	440	59.765	584
59.789	439	59.815	567
59.840	439	59.866	551
59.891	443	59.916	536
59.942	448	59.967	523
59.992	455	60.018	512
60.043	464	60.069	506
60.093	473	60.119	502
60.144	483	60.170	502
60.195	493	60.220	507
60.246	503	60.271	514
60.297	512	60.322	527
60.347	519	60.373	540
60.398	524	60.423	556
60.449	527	60.474	573
60.500	528	60.524	590
60.550	527	60.576	607
60.601	523	60.626	622
60.651	517	60.677	635
60.703	510	60.727	645
60.753	502	60.778	650
60.804	493	60.829	652
60.854	484	60.880	652
60.905	475	60.930	645
60.955	466	60.981	636
61.007	459	61.031	624
61.057	453	61.082	610
61.108	448	61.133	593
61.158	447	61.184	575
61.209	446	61.234	558
61.260	449	61.285	542
61.311	451	61.335	527
61.361	457	61.387	514
61.412	464	61.437	505
61.462	471	61.488	500
61.514	480	61.538	498
61.564	488	61.589	501
61.615	496	61.640	507
61.665	504	61.691	518
61.716	510	61.741	531
61.766	515	61.792	547
61.818	518	61.842	565
61.868	520	61.893	583
61.919	519	61.944	600
61.969	517	61.995	616
62.020	513	62.045	631
62.071	508	62.096	642
62.122	502	62.146	651
62.172	495	62.198	655
62.223	487	62.248	655
62.273	480	62.299	652
62.325	473	62.349	644
62.375	467	62.400	633
62.426	462	62.451	619
62.476	457	62.502	602
62.527	455	62.552	585
62.578	455	62.603	566
62.629	454	62.653	549
62.679	458	62.704	532
62.730	461	62.755	518
62.780	466	62.806	507
62.831	471	62.856	499
62.882	478	62.907	496
62.933	485	62.957	497
62.983	491	63.009	502
63.034	497	63.059	511
63.084	502	63.110	524
63.136	506	63.160	538
63.186	509	63.211	555
63.237	511	63.262	574
63.287	512	63.313	592
63.338	511	63.364	610
63.389	508	63.414	626
63.440	505	63.465	639
63.490	500	63.515	649
63.541	495	63.567	655
63.591	489	63.617	657
63.642	484	63.668	655
63.693	478	63.718	649
63.744	473	63.769	640
63.794	469	63.820	626
63.845	466	63.871	611
63.895	464	63.921	594
63.947	462	63.972	575
63.997	463	64.022	556
64.048	464	64.074	539
64.098	466	64.124	524
64.149	469	64.175	511
64.200	474	64.225	502
64.251	478	64.276	496
64.301	482	64.326	495
64.352	487	64.378	499
64.402	491	64.428	505
64.453	495	64.479	516
64.504	499	64.529	531
64.555	501	64.580	547
64.605	503	64.631	565
64.656	503	64.682	584
64.706	503	64.732	602
64.758	501	64.783	619
64.808	499	64.833	633
64.859	496	64.885	645
64.909	493	64.935	654
64.960	489	64.986	657
65.011	486	65.036	657
65.062	482	65.087	653
65.112	479	65.138	645
65.163	476	65.189	634
65.213	473	65.239	619
65.264	472	65.290	602
65.315	471	65.340	584
65.366	471	65.391	565
65.416	471	65.442	547
65.467	473	65.493	531
65.517	474	65.543	516
65.569	477	65.594	505
65.619	480	65.644	498
65.670	482	65.696	495
65.720	485	65.746	495
65.771	488	65.797	501
65.822	490	65.847	511
65.873	492	65.898	523
65.923	494	65.949	539
65.974	495	66.000	556
66.024	495	66.050	575
66.075	494	66.101	593
66.126	494	66.151	611
66.177	492	66.202	627
66.227	492	66.253	640
66.278	490	66.304	650
66.328	488	66.354	657
66.380	486	66.405	658
66.430	484	66.455	657
66.481	482	66.507	649
66.531	481	66.557	640
66.582	480	66.608	626
66.633	479	66.658	610
66.684	479	66.709	592
66.734	479	66.760	574
66.785	480	66.811	556
66.835	480	66.861	539
66.886	480	66.912	523
66.937	481	66.962	510
66.988	482	67.013	501
67.038	484	67.064	496
67.089	485	67.115	495
67.139	486	67.165	498
67.191	486	67.216	506
67.241	487	67.266	517
67.292	488	67.318	531
67.342	487	67.368	548
67.393	488	67.419	566
67.444	487	67.469	584
67.495	487	67.520	603
67.545	487	67.571	619
67.596	486	67.622	634
67.646	486	67.672	645
67.698	485	67.723	652
67.748	484	67.773	657
67.799	485	67.824	656
67.849	485	67.875	652
67.900	485	67.926	643
67.950	485	67.976	632
68.002	486	68.027	616
68.052	486	68.077	600
68.103	485	68.129	582
68.153	486	68.179	564
68.204	486	68.230	547
68.255	486	68.280	531
68.306	486	68.331	517
68.356	486	68.382	506
68.407	486	68.433	500
68.457	485	68.483	497
68.509	485	68.534	499
68.559	484	68.584	504
68.610	484	68.635	513
68.660	482	68.686	526
68.711	482	68.737	541
68.761	481	68.787	558
68.813	481	68.838	576
68.863	481	68.888	594
68.914	481	68.940	610
68.964	481	68.990	626
69.015	482	69.041	638
69.066	483	69.091	647
69.117	483	69.142	654
69.167	485	69.193	655
69.218	486	69.244	653
69.268	487	69.294	646
69.320	489	69.345	636
69.370	490	69.395	624
69.421	491	69.446	608
69.471	491	69.497	591
69.522	492	69.548	573
69.572	492	69.598	555
69.624	492	69.649	539
69.674	491	69.699	525
69.725	490	69.751	513
69.775	488	69.801	505
69.826	487	69.852	500
69.877	484	69.902	499
69.928	482	69.953	503
69.978	481	70.004	510
70.029	479	70.055	521
70.079	478	70.105	534
70.131	476	70.156	551
70.181	476	70.206	568
70.232	476	70.258	585
70.282	476	70.308	603
70.333	476	70.359	618
70.383	478	70.409	631
70.435	479	70.460	641
70.485	481	70.510	649
70.536	484	70.562	653
70.586	486	70.612	652
70.637	489	70.663	647
70.688	491	70.713	639
70.739	494	70.764	628
70.789	495	70.815	614
70.840	496	70.866	598
70.890	497	70.916	581
70.942	497	70.967	564
70.992	496	71.017	548
71.043	495	71.069	533
71.093	494	71.119	521
71.144	491	71.170	510
71.194	489	71.220	504
71.246	485	71.271	502
71.296	482	71.321	503
71.347	479	71.373	509
71.397	476	71.423	518
71.448	474	71.474	530
71.499	472	71.524	544
71.550	471	71.575	560
71.600	470	71.626	577
71.651	471	71.677	593
71.701	472	71.727	609
71.753	473	71.778	623
71.803	476	71.828	634
71.854	479	71.880	643
71.904	482	71.930	648
71.955	486	71.981	650
72.005	489	72.031	647
72.057	492	72.082	641
72.107	496	72.132	632
72.158	498	72.184	619
72.208	500	72.234	605
72.259	501	72.285	589
72.311	502	72.335	572
72.361	501	72.386	556
72.412	500	72.437	541
72.462	498	72.488	527
72.513	494	72.538	517
72.564	491	72.589	510
72.615	487	72.639	506
72.665	483	72.691	505
72.716	479	72.741	509
72.766	475	72.792	515
72.818	472	72.842	526
72.868	469	72.893	539
72.919	467	72.943	553
72.969	466	72.995	569
73.020	466	73.045	585
73.070	467	73.096	601
73.122	469	73.146	616
73.172	472	73.197	627
73.223	475	73.248	637
73.273	479	73.299	643
73.324	484	73.349	645
73.375	488	73.400	646
73.426	493	73.450	642
73.476	496	73.502	634
73.527	500	73.552	623
73.577	503	73.603	610
73.629	505	73.653	596
73.679	506	73.704	580
73.730	506	73.754	565
73.780	505	73.806	550
73.831	502	73.856	536
73.881	499	73.907	524
73.933	495	73.957	516
73.983	490	74.008	512
74.034	485	74.059	509
74.084	481	74.110	510
74.135	475	74.160	516
74.186	471	74.211	524
74.237	467	74.261	535
74.287	465	74.313	548
74.338	463	74.363	562
74.388	462	74.414	577
74.440	463	74.464	592
74.490	464	74.515	607
74.541	468	74.565	619
74.591	471	74.617	630
74.642	476	74.667	637
74.692	481	74.718	641
74.744	486	74.768	642
74.794	492	74.819	640
74.845	497	74.870	633
74.895	502	74.921	625
74.946	505	74.971	614
74.997	508	75.022	601
75.048	510	75.072	587
75.098	510	75.124	572
75.149	509	75.174	558
75.199	507	75.225	544
75.251	503	75.275	533
75.301	498	75.326	523
75.352	494	75.376	517
75.402	488	75.428	514
75.453	482	75.479	513
75.503	476	75.529	517
75.555	471	75.580	523
75.605	466	75.630	532
75.656	463	75.682	544
75.706	460	75.732	557
75.757	459	75.783	570
75.808	459	75.833	585
75.859	460	75.884	598
75.909	463	75.935	611
75.960	467	75.986	622
76.010	472	76.036	630
76.062	478	76.087	635
76.112	484	76.137	637
76.163	490	76.189	637
76.213	495	76.239	633
76.264	502	76.290	626
76.314	507	76.340	617
76.366	511	76.391	606
76.416	512	76.441	593
76.467	513	76.493	579
76.517	513	76.543	566
76.568	511	76.594	553
76.619	508	76.644	541
76.670	503	76.695	532
76.720	498	76.746	525
76.771	491	76.797	519
76.821	485	76.847	518
76.873	479	76.898	519
76.923	472	76.948	524
76.974	466	77.000	531
77.024	462	77.050	541
77.075	458	77.101	552
77.125	456	77.151	565
77.177	456	77.202	578
77.227	456	77.252	590
77.278	459	77.304	603
77.328	463	77.354	614
77.379	467	77.405	623
77.430	474	77.455	628
77.481	480	77.506	632
77.531	487	77.557	633
77.582	494	77.608	631
77.632	500	77.658	626
77.684	507	77.709	618
77.734	511	77.759	609
77.785	514	77.811	597
77.835	516	77.861	586
77.886	517	77.912	573
77.936	515	77.962	560
77.988	512	78.013	549
78.038	508	78.063	540
78.089	502	78.115	531
78.139	495	78.165	526
78.190	488	78.216	522
78.241	481	78.266	523
78.292	475	78.317	526
78.342	467	78.368	531
78.393	462	78.419	540
78.443	457	78.469	549
78.495	454	78.520	559
78.545	453	78.570	572
78.596	452	78.622	583
78.646	455	78.672	595
78.697	459	78.723	606
78.747	463	78.773	614
78.799	469	78.824	622
78.849	477	78.874	626
78.900	484	78.926	628
78.950	491	78.976	627
79.001	499	79.027	624
79.052	506	79.077	618
79.103	511	79.128	611
79.154	516	79.179	601
79.204	518	79.230	590
79.255	519	79.280	579
79.306	518	79.331	567
79.357	516	79.381	557
79.407	512	79.433	547
79.458	506	79.483	539
79.508	500	79.534	533
79.560	493	79.584	530
79.610	484	79.635	528
79.661	477	79.685	529
79.711	469	79.737	532
79.762	462	79.787	539
79.812	457	79.838	547
79.864	453	79.888	556
79.914	450	79.939	566
79.965	450	79.990	578
80.015	452	80.041	588
80.066	454	80.091	598
80.117	459	80.142	607
80.168	465	80.192	614
80.218	473	80.244	620
80.269	480	80.294	622
80.319	488	80.345	623
80.371	496	80.395	621
80.421	504	80.446	617
80.472	510	80.496	611
80.522	516	80.548	603
80.573	519	80.598	594
80.623	522	80.649	584
80.675	521	80.699	573
80.725	520	80.750	563
80.776	516	80.801	554
80.826	511	80.852	546
80.877	504	80.902	540
80.928	497	80.953	536
80.979	488	81.003	533
81.029	480	81.055	534
81.080	472	81.105	536
81.130	465	81.156	540
81.182	458	81.206	546
81.232	453	81.257	554
81.283	450	81.307	562
81.333	448	81.359	572
81.384	449	81.409	582
81.434	451	81.460	591
81.486	455	81.510	599
81.536	461	81.561	606
81.587	468	81.612	612
81.637	476	81.663	616
81.688	484	81.713	617
81.739	492	81.764	617
81.790	501	81.814	614
81.840	509	81.866	610
81.891	515	81.916	604
81.941	520	81.967	597
81.993	523	82.017	588
82.043	524	82.068	579
82.094	523	82.118	570
82.144	520	82.170	561
82.195	515	82.221	554
82.245	509	82.271	547
82.297	501	82.322	542
82.347	493	82.372	539
82.398	484	82.424	538
82.448	475	82.474	540
82.499	468	82.525	543
82.550	460	82.575	547
82.601	454	82.626	553
82.651	449	82.677	561
82.702	447	82.728	568
82.752	447	82.778	577
82.804	449	82.829	585
82.854	452	82.879	593
82.905	457	82.931	600
82.955	464	82.981	605
83.006	472	83.032	609
83.056	480	83.082	611
83.108	489	83.133	611
83.158	498	83.183	611
83.209	506	83.235	607
83.259	514	83.285	603
83.310	520	83.336	597
83.361	523	83.386	590
83.412	525	83.437	583
83.462	525	83.488	575
83.513	522	83.539	567
83.563	518	83.589	560
83.615	512	83.640	555
83.665	506	83.690	550
83.716	497	83.742	546
83.766	488	83.792	545
83.817	479	83.843	545
83.867	471	83.893	546
83.919	462	83.944	549
83.969	456	83.994	554
84.020	450	84.046	559
84.070	447	84.096	566
84.121	446	84.147	573
84.172	447	84.197	580
84.223	449	84.248	586
84.273	454	84.299	593
84.324	460	84.350	599
84.374	468	84.400	602
84.426	476	84.451	605
84.476	485	84.501	606
84.527	495	84.553	606
84.577	503	84.603	604
84.628	511	84.654	601
84.678	517	84.704	596
84.730	522	84.755	591
84.780	525	84.805	585
84.831	526	84.857	579
84.881	525	84.907	573
84.932	522	84.958	566
84.983	516	85.008	561
85.034	509	85.059	557
85.084	501	85.110	553
85.135	492	85.161	550
85.185	483	85.211	550
85.237	474	85.262	550
85.287	466	85.312	552
85.338	458	85.364	556
85.388	453	85.414	560
85.439	448	85.465	564
85.490	446	85.515	570
85.541	446	85.566	576
85.591	447	85.616	581
85.642	451	85.668	587
85.692	457	85.718	591
85.743	464	85.769	595
85.794	472	85.819	598
85.845	481	85.870	600
85.895	490	85.921	601
85.946	500	85.972	600
85.996	508	86.022	598
86.048	515	86.073	595
86.098	520	86.123	591
86.149	524	86.175	586
86.199	526	86.225	582
86.250	526	86.276	577
86.301	523	86.326	571
86.352	519	86.377	567
86.402	513	86.427	563
86.453	506	86.479	560
86.503	496	86.529	557
86.554	487	86.580	556
86.605	478	86.630	555
86.656	470	86.681	556
86.707	462	86.732	558
86.757	455	86.783	561
86.808	450	86.833	564
86.859	446	86.884	569
86.910	445	86.934	573
86.960	446	86.986	577
87.011	449	87.036	582
87.061	454	87.087	585
87.113	461	87.137	590
87.163	468	87.188	592
87.214	477	87.238	594
87.264	487	87.290	595
87.315	495	87.340	595
87.365	504	87.391	594
87.417	512	87.441	592
87.467	518	87.492	590
87.518	522	87.543	586
87.568	525	87.594	583
87.619	526	87.644	579
87.670	525	87.695	575
87.721	521	87.745	571
87.771	516	87.797	569
87.822	509	87.847	565
87.872	501	87.898	563
87.924	491	87.948	562
87.974	482	87.999	561
88.025	474	88.050	561
88.075	465	88.101	562
88.126	457	88.151	564
88.176	452	88.202	566
88.228	448	88.252	569
88.278	446	88.303	572
88.329	446	88.354	575
88.379	448	88.405	578
88.430	452	88.455	582
88.481	458	88.506	583
88.532	465	88.556	586
88.582	473	88.608	588
88.633	482	88.658	589
88.683	491	88.709	590
88.735	500	88.759	589
88.785	508	88.810	588
88.836	515	88.861	587
88.886	520	88.912	585
88.937	524	88.962	582
88.987	525	89.013	580
89.039	525	89.063	578
89.089	522	89.114	574
89.140	518	89.165	572
89.190	512	89.216	570
89.241	504	89.266	569
89.292	495	89.317	568
89.343	487	89.367	567
89.393	478	89.419	567
89.444	470	89.469	567
89.494	462	89.520	567
89.546	455	89.570	568
89.596	450	89.621	570
89.647	447	89.672	571
89.697	447	89.723	574
89.748	448	89.774	575
89.798	451	89.824	577
89.850	455	89.875	579
89.900	462	89.925	581
89.951	469	89.977	582
90.001	478	90.027	583
90.052	487	90.078	584
90.103	495	90.128	584
90.154	504	90.179	585
90.204	511	90.230	584
90.255	517	90.281	583
90.305	522	90.331	581
90.357	524	90.382	580
90.407	524	90.432	579
90.458	523	90.484	577
90.508	519	90.534	576
90.559	514	90.585	575
90.610	506	90.635	574
90.661	499	90.686	573
90.711	490	90.736	573
90.762	482	90.788	572
90.812	473	90.838	571
90.863	465	90.889	571
90.914	458	90.939	572
90.965	453	90.990	572
91.015	449	91.041	572
91.066	448	91.092	574
91.116	449	91.142	575
91.168	450	91.193	575
91.218	455	91.243	576
91.269	460	91.295	577
91.319	467	91.345	578
91.370	475	91.396	578
91.421	483	91.446	579
91.472	492	91.497	580
91.522	500	91.547	580
91.573	508	91.599	580
91.623	514	91.649	579
91.674	519	91.700	579
91.725	522	91.750	579
91.776	523	91.801	579
91.826	522	91.852	579
91.877	520	91.903	579
91.927	515	91.953	578
91.979	510	92.004	578
92.029	502	92.054	578
92.080	493	92.106	577
92.130	486	92.156	577
92.181	477	92.207	576
92.232	469	92.257	575
92.283	463	92.308	575
92.333	457	92.358	575
92.384	452	92.410	574
92.434	450	92.460	574
92.485	449	92.511	574
92.536	451	92.561	574
92.587	454	92.612	573
92.637	459	92.663	574
92.688	465	92.714	574
92.738	472	92.764	574
92.790	479	92.815	575
92.840	488	92.865	575
92.891	496	92.917	576
92.941	503	92.967	576
92.992	511	93.018	577
93.043	516	93.068	578
93.094	520	93.119	579
93.144	521	93.170	579
93.195	522	93.221	579
93.245	519	93.271	580
93.296	516	93.322	580
93.347	510	93.372	580
93.398	503	93.423	581
93.449	497	93.474	581
93.499	489	93.525	580
93.550	481	93.575	580
93.601	474	93.626	578
93.652	466	93.676	578
93.702	460	93.728	576
93.753	455	93.778	576
93.803	452	93.829	575
93.855	451	93.879	574
93.905	452	93.930	573
93.956	454	93.981	572
94.006	458	94.032	572
94.057	464	94.082	571
94.107	469	94.133	571
94.159	477	94.183	571
94.209	484	94.234	572
94.260	493	94.285	571
94.310	500	94.336	574
94.361	507	94.386	574
94.412	512	94.437	575
94.463	516	94.487	576
94.513	519	94.539	579
94.564	520	94.589	580
94.614	518	94.640	581
94.666	515	94.690	582
94.716	512	94.741	583
94.767	506	94.792	583
94.817	499	94.843	583
94.868	492	94.893	583
94.918	484	94.944	583
94.970	477	94.994	582
95.020	470	95.045	580
95.071	464	95.096	580
95.121	459	95.147	577
95.172	456	95.197	575
95.223	453	95.248	574
95.274	453	95.298	573
95.324	454	95.350	571
95.375	457	95.400	571
95.425	463	95.451	569
95.477	468	95.501	568
95.527	474	95.552	568
95.578	482	95.603	569
95.628	489	95.654	569
95.679	496	95.704	570
95.730	502	95.755	572
95.781	508	95.805	573
95.831	513	95.856	575
95.882	516	95.907	577
95.932	517	95.958	580
95.983	517	96.008	581
96.034	515	96.059	583
96.085	512	96.109	585
96.135	507	96.161	585
96.186	501	96.211	586
96.236	494	96.262	586
96.288	488	96.312	586
96.338	480	96.363	585
96.389	474	96.414	583
96.439	468	96.465	582
96.490	463	96.516	580
96.541	459	96.566	577
96.592	457	96.617	575
96.642	456	96.667	572
96.693	456	96.719	570
96.743	458	96.769	569
96.794	462	96.820	568
96.845	467	96.870	566
96.896	473	96.921	565
96.946	479	96.972	566
96.997	486	97.023	566
97.047	492	97.073	567
97.099	499	97.124	568
97.149	504	97.174	571
97.200	509	97.226	574
97.250	513	97.276	575
97.301	515	97.327	578
97.352	515	97.377	581
97.403	514	97.428	583
97.453	511	97.478	585
97.504	507	97.530	587
97.554	502	97.580	587
97.605	496	97.631	589
97.656	491	97.681	588
97.707	484	97.732	588
97.757	477	97.783	586
97.808	472	97.834	585
97.858	467	97.884	581
97.910	463	97.935	579
97.960	460	97.985	577
98.011	458	98.037	574
98.061	458	98.087	571
98.112	460	98.138	568
98.163	462	98.188	566
98.214	467	98.239	565
98.264	471	98.290	564
98.315	477	98.341	563
98.365	483	98.391	563
98.416	490	98.442	564
98.467	495	98.492	566
98.518	501	98.543	569
98.568	506	98.594	571
98.619	509	98.645	574
98.669	511	98.695	576
98.721	512	98.746	580
98.771	512	98.796	583
98.822	510	98.848	586
98.872	506	98.898	588
98.923	502	98.949	590
98.974	498	98.999	591
99.025	493	99.050	591
99.075	486	99.101	590
99.126	481	99.152	589
99.176	475	99.202	587
99.227	470	99.253	584
99.278	466	99.303	581
99.329	463	99.354	579
99.379	462	99.405	575
99.430	461	99.456	571
99.480	461	99.506	569
99.532	463	99.557	565
99.582	467	99.607	564
99.633	471	99.659	563
99.683	476	99.709	561
99.734	481	99.760	562
99.785	487	99.810	562
99.836	492	99.861	563
99.886	497	99.912	566
99.937	502	99.963	568
99.987	505	100.013	572
100.038	508	100.064	575
100.089	510	100.114	579
100.140	509	100.165	583
100.190	509	100.216	586
100.241	506	100.267	589
100.291	502	100.317	591
100.343	498	100.368	592
100.393	493	100.418	592
100.444	488	100.470	592
100.494	484	100.520	591
100.545	479	100.571	590
100.596	474	100.621	587
100.647	470	100.672	584
100.697	466	100.723	580
100.748	465	100.774	577
100.798	464	100.824	573
100.850	464	100.875	570
100.900	465	100.925	567
100.951	468	100.976	563
101.001	470	101.027	562
101.052	475	101.078	560
101.102	479	101.128	560
101.154	484	101.179	560
101.204	490	101.229	562
101.255	495	101.281	564
101.305	499	101.331	567
101.356	502	101.382	569
101.407	505	101.432	573
101.458	506	101.483	577
101.508	507	101.534	581
101.559	506	101.585	585
101.609	505	101.635	588
101.661	502	101.686	591
101.711	498	101.736	593
101.762	494	101.787	594
101.812	490	101.838	594
101.863	485	101.889	593
101.913	481	101.939	591
101.965	477	101.990	590
102.015	473	102.040	586
102.066	471	102.092	583
102.116	468	102.142	579
102.167	467	102.193	574
102.218	466	102.243	571
102.269	467	102.294	567
102.319	469	102.345	564
102.370	472	102.396	561
102.420	475	102.446	559
102.472	479	102.497	558
102.522	483	102.547	559
102.573	488	102.598	560
102.623	492	102.649	561
102.674	495	102.700	564
102.724	499	102.750	568
102.776	501	102.801	572
102.826	503	102.851	575
102.877	503	102.903	580
102.927	504	102.953	584
102.978	502	103.004	587
103.029	501	103.054	591
103.080	498	103.105	593
103.130	494	103.156	594
103.181	491	103.207	595
103.231	487	103.257	594
103.283	483	103.308	594
103.333	480	103.358	591
103.384	476	103.410	589
103.434	473	103.460	585
103.485	471	103.511	580
103.535	470	103.561	577
103.587	469	103.612	572
103.637	469	103.662	568
103.688	472	103.714	565
103.738	473	103.764	562
103.789	476	103.815	559
103.840	479	103.865	557
103.891	482	103.916	558
103.941	486	103.967	558
103.992	489	104.018	560
104.042	493	104.068	562
104.094	496	104.119	566
104.144	498	104.169	570
104.195	499	104.221	574
104.245	501	104.271	578
104.296	500	104.322	583
104.346	500	104.372	586
104.398	499	104.423	590
104.448	497	104.473	592
104.499	494	104.525	595
104.549	491	104.575	595
104.600	488	104.626	596
104.651	485	104.676	594
104.702	482	104.727	593
104.752	479	104.778	590
104.803	477	104.829	586
104.853	474	104.879	583
104.905	473	104.930	578
104.955	473	104.980	574
105.006	473	105.032	570
105.056	473	105.082	566
105.107	475	105.133	562
105.157	476	105.183	560
105.209	479	105.234	558
105.259	482	105.284	557
105.310	485	105.336	557
105.360	488	105.386	559
105.411	490	105.437	560
105.463	493	105.487	564
105.513	495	105.538	567
105.564	496	105.589	571
105.614	497	105.640	576
105.665	498	105.690	580
105.716	497	105.741	585
105.767	496	105.791	588
105.817	495	105.843	592
105.868	493	105.893	593
105.918	491	105.944	595
105.970	488	105.994	596
106.020	486	106.045	595
106.071	483	106.095	594
106.121	481	106.147	592
106.172	479	106.197	588
106.222	478	106.248	584
106.274	476	106.298	580
106.324	476	106.349	576
106.375	475	106.400	572
106.425	475	106.451	567
106.476	477	106.501	563
106.527	478	106.552	560
106.578	480	106.602	558
106.628	482	106.654	556
106.679	485	106.704	557
106.729	487	106.755	558
106.781	489	106.805	560
106.831	491	106.856	562
106.882	493	106.906	566
106.932	494	106.958	569
106.983	494	107.008	573
107.033	495	107.059	578
107.085	495	107.109	583
107.135	494	107.160	588
107.186	493	107.211	590
107.236	492	107.262	593
107.287	490	107.312	594
107.338	488	107.363	596
107.389	486	107.413	595
107.439	485	107.465	595
107.490	483	107.515	593
107.540	481	107.566	590
107.592	480	107.616	586
107.642	479	107.667	582
107.693	478	107.717	578
107.743	479	107.769	573
107.794	478	107.819	569
107.844	479	107.870	564
107.896	480	107.920	562
107.946	481	107.971	559
107.997	483	108.022	557
108.047	485	108.073	556
108.098	486	108.123	557
108.149	487	108.174	558
108.200	489	108.224	560
108.250	490	108.276	564
108.301	491	108.326	568
108.351	492	108.377	572
108.403	492	108.427	576
108.453	492	108.478	581
108.504	492	108.528	585
108.554	491	108.580	589
108.605	490	108.631	592
108.655	488	108.681	594
108.707	487	108.732	595
108.757	486	108.782	596
108.808	485	108.834	595
108.858	484	108.884	593
108.909	483	108.935	591
108.960	482	108.985	588
109.011	481	109.036	584
109.061	481	109.087	579
109.112	480	109.138	575
109.162	480	109.188	570
109.214	481	109.239	567
109.264	482	109.289	563
109.315	483	109.341	560
109.365	484	109.391	558
109.416	485	109.442	558
109.466	486	109.492	557
109.518	487	109.543	558
109.568	488	109.593	560
109.619	488	109.645	563
109.669	489	109.695	567
109.720	490	109.746	571
109.771	489	109.796	575
109.822	490	109.847	579
109.872	490	109.898	583
109.923	489	109.949	588
109.973	488	109.999	590
110.025	488	110.050	593
110.075	487	110.100	594
110.126	486	110.152	595
110.176	486	110.202	595
110.227	485	110.253	594
110.277	484	110.303	592
110.329	483	110.354	589
110.379	483	110.404	585
110.430	482	110.456	581
110.480	484	110.506	576
110.531	483	110.557	572
110.582	484	110.607	567
110.633	484	110.658	565
110.683	484	110.709	561
110.734	485	110.760	559
110.784	485	110.810	558
110.836	486	110.861	558
110.886	486	110.911	558
110.937	486	110.963	560
110.987	487	111.013	562
111.038	487	111.064	565
111.088	488	111.114	569
111.140	488	111.165	573
111.190	487	111.215	578
111.241	487	111.267	582
111.291	487	111.317	585
111.342	487	111.368	589
111.393	486	111.418	591
111.444	486	111.469	594
111.494	486	111.520	595
111.545	486	111.571	594
111.595	485	111.621	594
111.647	485	111.672	592
111.697	485	111.722	589
111.748	485	111.774	586
111.798	485	111.824	582
111.849	485	111.875	578
111.899	486	111.925	574
111.951	486	111.976	569
112.001	486	112.026	566
112.052	486	112.078	564
112.102	486	112.128	561
112.153	487	112.179	559
112.204	486	112.229	559
112.255	487	112.280	559
112.306	486	112.331	559
112.356	486	112.382	562
112.407	486	112.432	565
112.458	486	112.483	568
112.509	485	112.533	572
112.559	486	112.585	576
112.610	485	112.635	579
112.660	485	112.686	583
112.712	485	112.736	587
112.762	486	112.787	590
112.813	485	112.837	591
112.863	485	112.889	593
112.914	486	112.939	594
112.964	486	112.990	593
113.016	487	113.040	592
113.066	486	113.091	590
113.117	487	113.142	587
113.167	487	113.193	584
113.218	487	113.243	580
113.269	487	113.294	576
113.320	487	113.344	571
113.370	487	113.396	568
113.421	487	113.446	566
113.471	487	113.497	562
113.523	486	113.547	560
113.573	486	113.598	560
113.624	486	113.648	560
113.674	485	113.700	560
113.725	485	113.750	562
113.775	485	113.801	564
113.827	485	113.851	567
113.877	484	113.902	571
113.928	485	113.953	574
113.978	485	114.004	578
114.029	485	114.054	582
114.080	485	114.105	584
114.131	485	114.155	588
114.181	485	114.207	590
114.232	486	114.257	592
114.282	485	114.308	592
114.334	486	114.358	592
114.384	487	114.409	592
114.435	487	114.459	590
114.485	487	114.511	587
114.536	488	114.561	584
114.586	488	114.612	581
114.638	488	114.662	577
114.688	488	114.713	573
114.739	488	114.764	569
114.789	487	114.815	567
114.840	487	114.865	565
114.891	487	114.916	562
114.942	486	114.966	561
114.992	485	115.018	561
115.043	485	115.068	561
115.093	485	115.119	562
115.145	484	115.169	564
115.195	484	115.220	567
115.246	484	115.270	570
115.296	483	115.322	573
115.347	484	115.373	577
115.397	483	115.423	579
115.449	484	115.474	584
115.499	485	115.524	586
115.550	485	115.576	589
115.600	486	115.626	591
115.651	486	115.677	591
115.702	486	115.727	591
115.753	486	115.778	591
115.803	487	115.829	589
115.854	488	115.880	587
115.904	488	115.930	585
115.956	489	115.981	582
116.006	488	116.031	578
116.057	488	116.083	575
116.107	488	116.133	572
116.158	488	116.184	569
116.208	487	116.234	566
116.260	487	116.285	564
116.310	486	116.335	562
116.361	485	116.387	562
116.411	485	116.437	562
116.462	484	116.488	563
116.513	484	116.538	564
116.564	484	116.589	567
116.614	483	116.640	569
116.665	483	116.691	572
116.715	483	116.741	576
116.767	483	116.792	579
116.817	484	116.842	582
116.868	484	116.894	584
116.918	485	116.944	588
116.969	486	116.995	589
117.019	486	117.045	590
117.071	486	117.096	590
117.121	487	117.146	590
117.172	488	117.198	589
117.222	488	117.248	588
117.273	488	117.299	585
117.324	488	117.349	582
117.375	489	117.400	579
117.425	489	117.451	576
117.476	488	117.502	573
117.526	488	117.552	570
117.578	487	117.603	569
117.628	487	117.653	565
117.679	486	117.705	565
117.729	486	117.755	564
117.780	485	117.806	563
117.830	485	117.856	564
117.882	484	117.907	565
117.932	483	117.957	567
117.983	483	118.009	569
118.033	483	118.059	571
118.084	483	118.110	574
118.135	483	118.160	577
118.186	484	118.211	580
118.236	484	118.262	582
118.287	485	118.313	584
118.337	485	118.363	587
118.389	486	118.414	588
118.439	486	118.464	589
118.490	487	118.516	589
118.540	488	118.566	588
118.591	488	118.617	587
118.642	488	118.667	585
118.693	489	118.718	583
118.743	489	118.768	581
118.794	489	118.820	577
118.844	489	118.870	575
118.895	488	118.921	572
118.946	488	118.971	570
118.997	487	119.022	568
119.047	487	119.073	566
119.098	485	119.124	565
119.148	485	119.174	564
119.200	484	119.225	565
119.250	483	119.275	565
119.301	483	119.327	567
119.351	483	119.377	569
119.402	483	119.428	571
119.453	483	119.478	574
119.504	483	119.529	577
119.554	484	119.579	579
119.605	484	119.631	581
119.655	485	119.681	584
119.706	485	119.732	585
119.757	486	119.782	586
119.808	486	119.833	587
119.859	487	119.884	588
119.909	488	119.935	588
119.960	488	119.985	586
120.011	489	120.036	585
120.062	489	120.086	583
120.112	490	120.138	581
120.163	489	120.188	579
120.213	489	120.239	575
120.265	488	120.289	573
120.315	488	120.340	571
120.366	487	120.390	569
120.416	487	120.442	567
120.467	486	120.492	566
120.517	485	120.543	566
120.569	485	120.593	566
120.619	484	120.644	566
120.670	483	120.695	567
120.720	483	120.746	569
120.771	483	120.796	570
120.822	483	120.847	573
120.873	483	120.897	575
120.923	484	120.949	578
120.974	484	120.999	580
121.024	485	121.050	583
121.076	485	121.100	584
121.126	486	121.151	585
121.177	486	121.202	586
121.227	487	121.253	586
121.278	488	121.303	586
121.328	489	121.354	586
121.380	489	121.404	584
121.430	489	121.455	583
121.481	489	121.506	581
121.531	489	121.557	578
121.582	489	121.607	576
121.633	488	121.658	574
121.684	488	121.708	572
121.734	487	121.760	570
121.785	487	121.810	569
121.835	487	121.861	567
121.887	484	121.911	567
121.937	484	121.962	567
121.988	484	122.013	567
122.038	483	122.064	568
122.089	484	122.114	569
122.139	484	122.165	570
122.191	483	122.215	573
122.241	484	122.266	574
122.292	483	122.317	576
122.342	484	122.368	579
122.393	484	122.418	581
122.444	485	122.469	583
122.495	485	122.519	583
122.545	486	122.571	585
122.596	487	122.621	585
122.646	487	122.672	585
122.698	488	122.722	585
122.748	489	122.773	583
122.799	489	122.824	583
122.849	489	122.875	581
122.900	489	122.926	579
122.950	489	122.976	577
123.002	489	123.027	575
123.052	488	123.077	573
123.103	488	123.129	572
123.153	487	123.179	570
123.204	486	123.230	569
123.255	485	123.280	568
123.306	485	123.331	568
123.356	484	123.382	568
123.407	484	123.433	569
123.457	484	123.483	569
123.509	483	123.534	571
123.559	483	123.584	572
123.610	483	123.636	574
123.660	484	123.686	576
123.711	484	123.737	578
123.762	484	123.787	579
123.813	485	123.838	581
123.863	486	123.888	583
123.914	486	123.940	583
123.964	487	123.990	584
124.015	487	124.041	584
124.066	487	124.091	584
124.117	489	124.142	584
124.167	489	124.193	582
124.218	488	124.244	581
124.268	489	124.294	579
124.320	488	124.345	577
124.370	488	124.395	575
124.421	488	124.447	574
124.471	488	124.497	573
124.522	487	124.548	572
124.573	486	124.598	570
124.624	486	124.649	570
124.674	484	124.699	569
124.725	485	124.751	569
124.775	484	124.801	569
124.826	484	124.852	570
124.877	483	124.902	571
124.928	483	124.953	572
124.978	484	125.004	574
125.029	484	125.055	576
125.079	484	125.105	577
125.131	485	125.156	578
125.181	485	125.206	580
125.232	485	125.258	581
125.282	486	125.308	582
125.333	487	125.359	583
125.384	488	125.409	583
125.435	488	125.460	583
125.485	488	125.510	582
125.536	488	125.562	582
125.586	489	125.612	580
125.637	488	125.663	579
125.688	488	125.713	578
125.739	488	125.764	577
125.789	488	125.815	575
125.840	487	125.866	574
125.890	487	125.916	572
125.942	486	125.967	571
125.992	486	126.017	570
126.043	485	126.069	570
126.093	485	126.119	570
126.144	484	126.170	570
126.195	484	126.220	571
126.246	484	126.271	571
126.296	484	126.322	572
126.347	484	126.373	574
126.397	484	126.423	575
126.448	484	126.474	576
126.499	485	126.524	578
126.550	486	126.575	579
126.601	486	126.626	580
126.651	486	126.677	582
126.702	486	126.727	582
126.753	486	126.778	582
126.804	488	126.828	582
126.854	487	126.880	582
126.905	488	126.930	581
126.955	488	126.981	580
127.007	488	127.031	579
127.057	488	127.082	578
127.108	487	127.133	576
127.158	488	127.184	577
127.209	487	127.234	574
127.259	487	127.285	573
127.311	486	127.335	572
127.361	486	127.386	572
127.412	485	127.437	571
127.462	485	127.488	571
127.513	485	127.538	571
127.564	485	127.589	571
127.615	484	127.639	572
127.665	484	127.691	573
127.716	485	127.741	574
127.766	485	127.792	575
127.818	485	127.842	576
127.868	485	127.893	577
127.919	486	127.944	578
127.969	486	127.995	579
128.020	486	128.045	580
128.070	487	128.096	581
128.122	487	128.146	581
128.172	487	128.197	581
128.223	488	128.248	580
128.273	488	128.299	581
128.324	488	128.349	579
128.375	488	128.400	579
128.426	488	128.450	578
128.476	488	128.502	577
128.527	488	128.552	576
128.577	487	128.603	575
128.629	487	128.653	574
128.679	486	128.704	573
128.730	486	128.755	573
128.780	486	128.806	572
128.831	485	128.856	572
128.882	485	128.907	572
128.933	485	128.957	572
