# Coordinates of sampled points around circle
# x [arb. un.],		 	 y [arb. un.]
9.451047444507800765e-01 1.034278725065692212e-01
1.015941232830112728e+00 -1.159140741622172177e-02
8.839182032012589119e-01 2.725922743292616968e-01
9.681455980311676202e-01 3.227596254191186786e-01
8.187265689087018794e-01 4.699512241562990855e-01
7.658090845821948767e-01 5.513636459091639797e-01
7.782730017439426495e-01 7.194702062720548241e-01
5.611091577942111108e-01 8.372207365501109777e-01
3.884520071872078484e-01 9.602817266370121674e-01
5.055644253350323192e-01 9.530849288867740965e-01
3.407898072562431380e-01 1.186675915504276979e+00
1.908644015093921009e-01 8.971166887052411942e-01
-5.661607363560583472e-02 1.000621626476176695e+00
-5.564660668642644470e-02 8.871739964042058002e-01
-1.514233812081237085e-01 9.959385223801962006e-01
-1.883261242573748273e-01 9.199415836148288061e-01
-2.987969533704022962e-01 8.369016873239837340e-01
-6.285118432411425093e-01 1.004084047136106994e+00
-6.556174057606812822e-01 8.027140641985557323e-01
-7.764610857710450009e-01 6.309605483585796204e-01
-9.774504790381425279e-01 4.733496819440700665e-01
-9.936038551004837682e-01 4.653282813598914602e-01
-9.151575684080438533e-01 2.416716220175813001e-01
-9.421247598450251948e-01 2.708143137810543610e-01
-1.019451018546221555e+00 -5.100810547239263693e-02
-8.729803089547121253e-01 -7.849248643130454783e-03
-8.261863036629701895e-01 -2.794260840593277284e-01
-1.033863478217519338e+00 -3.976949672730785146e-01
-7.736688351961054089e-01 -1.985564211348800623e-01
-7.065068720518969947e-01 -3.926206654176355171e-01
-9.416126222872145402e-01 -5.871601309249449008e-01
-8.092091999017482218e-01 -6.834963899501567131e-01
-4.497702946685335768e-01 -7.756639628030783662e-01
-4.243918593199245692e-01 -8.274767436549828048e-01
-2.955696075282491786e-01 -8.548415902651395060e-01
-2.089765297268335043e-01 -9.002317361103551185e-01
-4.885811282182454807e-02 -1.127578142674304562e+00
-3.573735266868194316e-02 -1.078977244557954629e+00
1.175307130715772252e-01 -1.139269177908516895e+00
3.067643275208825626e-01 -1.078648355594937991e+00
4.230198259260709581e-01 -8.614221590599703271e-01
5.852388626360313095e-01 -8.176549313570230515e-01
7.805742754977906817e-01 -8.572731488730571670e-01
6.615714119019835415e-01 -8.060065029194676267e-01
6.015069832773078939e-01 -6.666230110942158449e-01
7.483001404808476975e-01 -3.705320565920321441e-01
9.626879684416019822e-01 -4.591322247035172222e-01
9.128188509695044361e-01 -2.034144184848259984e-01
9.908016265136696532e-01 -1.138800416444696040e-01
1.105075369993312684e+00 -4.713091087965828180e-03
